0.0006399999999999999,2.8000000000000003e-06,50,0.9211566091954022,0.58125,1.2166666666666668 
0.0006399999999999999,1.9e-06,100,0.9110272988505748,0.5729166666666667,1.21875 
0.0006399999999999999,3.7e-06,200,0.9477370689655172,0.66875,1.34375 
0.0006399999999999999,1e-06,50,0.934698275862069,0.5750000000000001,1.20625 
0.0006399999999999999,2.8000000000000003e-06,100,0.9172772988505746,0.6,1.2708333333333335 
0.0006399999999999999,3.7e-06,100,0.9183189655172415,0.6041666666666666,1.275 
0.0006399999999999999,3.7e-06,50,0.9204022988505747,0.5833333333333334,1.21875 
0.0006399999999999999,1.9e-06,50,0.9363146551724139,0.5583333333333333,1.2354166666666666 
0.0006399999999999999,1e-06,100,0.9424568965517242,0.6020833333333333,1.2583333333333333 
0.0006399999999999999,1e-06,200,0.9944324712643677,0.6541666666666667,1.3979166666666667 
0.0006399999999999999,2.8000000000000003e-06,200,0.9235272988505747,0.6166666666666667,1.2729166666666667 
0.0006399999999999999,1.9e-06,200,0.9989942528735632,0.6041666666666667,1.3354166666666667 
0.0006399999999999999,4.6e-06,50,0.9204022988505747,0.5666666666666667,1.2229166666666667 
0.0006399999999999999,4.6e-06,200,0.9336566091954023,0.5708333333333333,1.2291666666666665 
0.0006399999999999999,5.5e-06,100,0.9304238505747128,0.5604166666666667,1.2479166666666666 
0.0006399999999999999,4.6e-06,100,0.9214439655172413,0.5625,1.21875 
0.0006399999999999999,6.4000000000000006e-06,50,0.9164152298850574,0.5645833333333333,1.1958333333333333 
0.0006399999999999999,5.5e-06,200,0.9224856321839079,0.6125,1.2770833333333336 
0.0006399999999999999,5.5e-06,50,0.940948275862069,0.5874999999999999,1.2833333333333332 
0.0006399999999999999,7.3e-06,100,0.9300646551724138,0.5625,1.2354166666666666 
0.0006399999999999999,6.4000000000000006e-06,100,0.9214439655172415,0.5583333333333333,1.2041666666666666 
0.0006399999999999999,7.3e-06,200,0.9300646551724138,0.5541666666666667,1.2145833333333333 
0.0006399999999999999,6.4000000000000006e-06,200,0.9214439655172415,0.55,1.225 
0.0006399999999999999,7.3e-06,50,0.919073275862069,0.5583333333333333,1.1916666666666667 
0.00082,2.7999999999999997e-07,100,0.9326149425287356,0.5541666666666667,1.1583333333333332 
0.00082,3.7e-07,200,0.9073275862068966,0.5395833333333334,1.2125 
0.00082,1e-07,100,0.9642241379310346,0.6458333333333334,1.3395833333333333 
0.00082,1.8999999999999998e-07,50,0.913110632183908,0.55625,1.2270833333333333 
1.9e-05,1.9e-06,50,0.9031609195402299,0.5333333333333333,1.1541666666666668 
0.00082,1.8999999999999998e-07,100,0.9326149425287356,0.5583333333333333,1.2125 
1.9e-05,3.7e-06,50,0.9271192528735632,0.5479166666666666,1.1645833333333333 
1e-05,1e-05,50,0.8554597701149425,0.4541666666666667,1.0041666666666667 
0.00082,1.8999999999999998e-07,200,0.9348778735632184,0.61875,1.3208333333333333 
1e-05,1.9e-05,200,0.8565014367816093,0.41041666666666665,1.0083333333333333 
0.00082,2.7999999999999997e-07,50,0.9044899425287356,0.5645833333333333,1.2208333333333332 
0.00082,3.7e-07,50,0.9368534482758621,0.6125,1.2875 
0.00082,1e-07,200,1.074389367816092,0.6625000000000001,1.3729166666666668 
0.00082,3.7e-07,100,0.9326149425287356,0.5583333333333333,1.18125 
1e-05,1.9e-05,50,0.8554597701149425,0.41041666666666665,1.0125 
1e-05,2.8000000000000003e-05,50,0.8554597701149425,0.41041666666666665,1.0104166666666665 
0.00082,1e-07,50,0.9298491379310345,0.58125,1.2729166666666667 
1.9e-05,2.8000000000000003e-06,100,0.9260775862068966,0.5416666666666667,1.1625 
1e-05,1.9e-05,100,0.8565014367816093,0.41041666666666665,1.0083333333333333 
1e-05,2.8000000000000003e-05,100,0.8565014367816093,0.41041666666666665,1.0083333333333333 
0.00082,2.7999999999999997e-07,200,0.9101652298850575,0.54375,1.2062499999999998 
1.9e-05,1e-06,50,0.9143318965517242,0.53125,1.15625 
1e-05,3.7e-05,50,0.8554597701149425,0.41041666666666665,1.0104166666666665 
1e-05,1e-05,100,0.8565014367816093,0.43750000000000006,1.0020833333333332 
1e-05,3.7e-05,200,0.8565014367816093,0.41041666666666665,1.0083333333333333 
1.9e-05,1e-06,200,0.9039152298850575,0.5229166666666667,1.1354166666666665 
1e-05,3.7e-05,100,0.8565014367816093,0.41041666666666665,1.0083333333333333 
1.9e-05,1.9e-06,200,0.9167025862068966,0.5270833333333333,1.14375 
1.9e-05,3.7e-06,100,0.92816091954023,0.5458333333333334,1.1666666666666667 
1.9e-05,2.8000000000000003e-06,50,0.8976652298850576,0.5270833333333333,1.1395833333333334 
1.9e-05,1.9e-06,100,0.9101652298850575,0.5354166666666667,1.1479166666666667 
1e-05,2.8000000000000003e-05,200,0.8565014367816093,0.41041666666666665,1.0083333333333333 
1.9e-05,1e-06,100,0.8976652298850576,0.5229166666666667,1.1229166666666668 
1.9e-05,3.7e-06,200,0.9187859195402299,0.5354166666666667,1.1583333333333332 
1.9e-05,2.8000000000000003e-06,200,0.92191091954023,0.5375,1.1541666666666668 
1e-05,1e-05,200,0.8565014367816093,0.4479166666666667,1.0041666666666667 
0.0006399999999999999,8.200000000000001e-06,100,0.9032327586206896,0.5687500000000001,1.2666666666666666 
0.0006399999999999999,8.200000000000001e-06,50,0.9844827586206897,0.6583333333333333,1.4 
0.0006399999999999999,9.100000000000001e-06,50,0.9884698275862069,0.6479166666666667,1.4020833333333333 
0.0006399999999999999,9.100000000000001e-06,200,0.9417744252873563,0.6166666666666667,1.3208333333333333 
0.0006399999999999999,8.200000000000001e-06,200,0.9037356321839081,0.5645833333333334,1.2333333333333334 
0.0006399999999999999,9.100000000000001e-06,100,1.033081896551724,0.65,1.39375 
0.00073,1e-05,50,0.9249281609195401,0.5874999999999999,1.2374999999999998 
0.00073,1.9e-05,200,0.8241738505747126,0.42500000000000004,1.0291666666666668 
0.00073,1e-05,200,0.9141163793103448,0.6062500000000001,1.2937500000000002 
0.00073,1.9e-05,50,0.8244612068965518,0.41875,1.0291666666666668 
0.00073,1.9e-05,100,0.8388649425287357,0.4208333333333334,1.0291666666666668 
0.00073,1e-05,100,0.9249281609195401,0.6083333333333334,1.3020833333333333 
0.00082,4.6e-07,50,0.9337284482758621,0.5854166666666667,1.28125 
0.00082,4.6e-07,100,0.9326149425287356,0.5583333333333333,1.1687500000000002 
1.9e-05,4.6e-06,50,0.9271192528735632,0.5416666666666667,1.1645833333333333 
0.00082,5.5e-07,50,0.9551364942528735,0.5895833333333333,1.2895833333333333 
0.00082,4.6e-07,200,0.9112068965517242,0.5645833333333333,1.225 
0.00082,6.4e-07,50,0.9099856321839079,0.5708333333333333,1.2020833333333334 
1.9e-05,4.6e-06,200,0.9112068965517242,0.5354166666666667,1.15625 
0.00082,5.5e-07,200,0.9091235632183909,0.5770833333333334,1.2708333333333335 
1e-05,4.6e-05,50,0.8554597701149425,0.41041666666666665,1.0104166666666665 
1.9e-05,4.6e-06,100,0.8961566091954023,0.5062500000000001,1.1145833333333335 
1e-05,6.4e-05,100,0.8554597701149425,0.41041666666666665,1.0083333333333333 
0.00082,5.5e-07,100,0.9336566091954023,0.5562499999999999,1.2541666666666667 
0.00082,6.4e-07,100,0.931573275862069,0.59375,1.2333333333333332 
1e-05,4.6e-05,100,0.8554597701149425,0.41041666666666665,1.0083333333333333 
0.00082,7.3e-07,50,0.9376077586206897,0.5833333333333334,1.31875 
1e-05,5.5e-05,100,0.8554597701149425,0.41041666666666665,1.0083333333333333 
0.00082,7.3e-07,100,0.9326149425287356,0.59375,1.23125 
1e-05,6.4e-05,200,0.8554597701149425,0.41041666666666665,1.0083333333333333 
1e-05,4.6e-05,200,0.8565014367816093,0.41041666666666665,1.0083333333333333 
0.00082,7.3e-07,200,0.973168103448276,0.55,1.2270833333333333 
1e-05,5.5e-05,50,0.8554597701149425,0.41041666666666665,1.0125 
1.9e-05,6.4000000000000006e-06,100,0.8857399425287356,0.5229166666666667,1.1291666666666664 
1.9e-05,5.5e-06,200,0.9021192528735632,0.5291666666666667,1.1458333333333335 
1e-05,7.3e-05,50,0.8554597701149425,0.41041666666666665,1.0104166666666665 
1e-05,6.4e-05,50,0.8554597701149425,0.41041666666666665,1.0104166666666665 
1e-05,5.5e-05,200,0.8565014367816093,0.41041666666666665,1.0083333333333333 
1.9e-05,7.3e-06,50,0.9049568965517241,0.5333333333333333,1.1375 
1.9e-05,5.5e-06,100,0.9073275862068966,0.5333333333333333,1.15625 
1.9e-05,7.3e-06,100,0.9091235632183907,0.525,1.1458333333333333 
0.00082,6.4e-07,200,0.90941091954023,0.5479166666666667,1.2145833333333331 
1.9e-05,6.4000000000000006e-06,50,0.8971982758620689,0.51875,1.1270833333333332 
1.9e-05,7.3e-06,200,0.9094109195402298,0.53125,1.1458333333333335 
1.9e-05,5.5e-06,50,0.9036278735632184,0.5333333333333333,1.1520833333333333 
1.9e-05,6.4000000000000006e-06,200,0.9208692528735634,0.5375000000000001,1.15625 
1e-05,7.3e-05,100,0.8554597701149425,0.41041666666666665,1.0083333333333333 
1e-05,7.3e-05,200,0.8554597701149425,0.41041666666666665,1.0083333333333333 
0.00073,2.8000000000000003e-05,50,0.8255028735632184,0.42083333333333334,1.0291666666666668 
0.00073,2.8000000000000003e-05,100,0.8255028735632184,0.42708333333333337,1.0291666666666668 
0.00073,2.8000000000000003e-05,200,0.8255028735632184,0.4229166666666667,1.0291666666666668 
0.00073,4.6e-05,50,0.8307112068965516,0.41875,1.0291666666666668 
0.00073,3.7e-05,50,0.826544540229885,0.41875,1.0291666666666668 
0.00073,3.7e-05,100,0.8255028735632184,0.41875,1.0291666666666668 
0.00073,3.7e-05,200,0.8255028735632184,0.4229166666666667,1.0291666666666668 
0.00073,4.6e-05,100,0.8286278735632183,0.41875,1.0291666666666668 
0.00073,4.6e-05,200,0.829669540229885,0.41875000000000007,1.0291666666666668 
0.00073,5.5e-05,50,0.8338362068965517,0.425,1.0291666666666668 
0.00073,5.5e-05,100,0.8327945402298851,0.4166666666666667,1.0291666666666668 
0.00073,5.5e-05,200,0.8327945402298851,0.4166666666666667,1.0291666666666668 
1.9e-05,8.200000000000001e-06,50,0.9046695402298851,0.5354166666666667,1.1541666666666668 
0.00082,8.2e-07,50,0.9141522988505746,0.575,1.2041666666666666 
0.00082,8.2e-07,100,0.935632183908046,0.6,1.2333333333333334 
1.9e-05,8.200000000000001e-06,100,0.8982399425287356,0.5249999999999999,1.1333333333333333 
0.00082,9.1e-07,50,0.9311063218390804,0.5854166666666667,1.2416666666666667 
0.00082,8.2e-07,200,0.9376077586206897,0.6083333333333334,1.30625 
1e-05,8.2e-05,100,0.8554597701149425,0.41041666666666665,1.0083333333333333 
0.00082,1e-06,50,0.9204022988505747,0.5645833333333333,1.1604166666666669 
1e-05,8.2e-05,50,0.8554597701149425,0.41041666666666665,1.0104166666666665 
1e-05,9.1e-05,50,0.8554597701149425,0.41041666666666665,1.0104166666666665 
0.00082,1e-06,100,0.9326149425287356,0.5916666666666668,1.2333333333333334 
0.00082,9.1e-07,100,0.9326149425287356,0.5958333333333333,1.2312500000000002 
1e-05,8.2e-05,200,0.8554597701149425,0.41041666666666665,1.0083333333333333 
1e-05,9.1e-05,100,0.8554597701149425,0.41041666666666665,1.0083333333333333 
0.00082,1e-06,200,0.9112068965517242,0.6104166666666667,1.2895833333333333 
0.00082,1.9e-06,100,0.9284482758620689,0.5854166666666666,1.2604166666666665 
1.9e-05,8.200000000000001e-06,200,0.9135775862068966,0.5333333333333333,1.1479166666666667 
0.00082,9.1e-07,200,0.9268318965517242,0.6083333333333333,1.3 
1.9e-05,9.100000000000001e-06,50,0.9042025862068965,0.5145833333333334,1.11875 
1e-05,1e-07,200,0.8565014367816093,0.44583333333333336,1.0 
1.9e-05,9.100000000000001e-06,200,0.9305316091954023,0.5395833333333333,1.1541666666666668 
0.00082,1.9e-06,50,0.898419540229885,0.56875,1.1770833333333335 
0.00082,1.9e-06,200,0.9049568965517243,0.5708333333333333,1.24375 
2.8000000000000003e-05,1e-05,50,0.9114942528735632,0.5208333333333333,1.1333333333333333 
2.8000000000000003e-05,1e-05,100,0.9122485632183908,0.5416666666666666,1.1625 
1e-05,9.1e-05,200,0.8554597701149425,0.41041666666666665,1.0083333333333333 
1.9e-05,9.100000000000001e-06,100,0.91253591954023,0.5333333333333334,1.1520833333333336 
1e-05,1.8999999999999998e-07,50,0.8554597701149425,0.4479166666666667,0.9937500000000001 
1e-05,1e-07,50,0.8565014367816093,0.44583333333333336,0.9937500000000001 
2.8000000000000003e-05,1e-05,200,0.9229525862068966,0.54375,1.1625 
2.8000000000000003e-05,1.9e-05,50,0.8414152298850575,0.4104166666666667,1.0145833333333334 
2.8000000000000003e-05,1.9e-05,100,0.8414152298850575,0.4104166666666667,1.0187499999999998 
2.8000000000000003e-05,1.9e-05,200,0.8424568965517241,0.4125,1.0166666666666666 
1e-05,1e-07,100,0.8565014367816093,0.44999999999999996,1.0 
1e-05,1.8999999999999998e-07,100,0.8565014367816093,0.4458333333333333,0.9979166666666667 
1e-05,1.8999999999999998e-07,200,0.8565014367816093,0.44583333333333336,1.0 
0.00073,6.4e-05,100,0.8327945402298851,0.4166666666666667,1.0270833333333333 
0.00073,6.4e-05,50,0.8317528735632184,0.42499999999999993,1.0333333333333332 
0.00073,6.4e-05,200,0.8317528735632184,0.4395833333333333,1.05 
0.00073,7.3e-05,50,0.8327945402298851,0.4166666666666667,1.0270833333333333 
0.00073,7.3e-05,200,0.8317528735632184,0.41875,1.0270833333333333 
0.00073,8.2e-05,50,0.8327945402298851,0.4166666666666667,1.0270833333333333 
0.00073,7.3e-05,100,0.8317528735632184,0.41875000000000007,1.0375 
0.00073,8.2e-05,200,0.8397988505747127,0.4229166666666667,1.05 
0.00073,8.2e-05,100,0.832507183908046,0.4166666666666667,1.0333333333333332 
0.00073,9.1e-05,50,0.8317528735632185,0.41458333333333336,1.0375 
0.00073,9.1e-05,200,0.8314655172413794,0.4166666666666667,1.03125 
0.00073,9.1e-05,100,0.8345905172413793,0.41458333333333336,1.0395833333333333 
0.00082,2.8000000000000003e-06,50,0.9128232758620689,0.5541666666666667,1.1875 
2.8000000000000003e-05,2.8000000000000003e-05,50,0.8414152298850575,0.4125,1.0145833333333334 
0.00082,2.8000000000000003e-06,100,0.9257902298850575,0.5625,1.1791666666666667 
2.8000000000000003e-05,2.8000000000000003e-05,100,0.8414152298850575,0.4125,1.0166666666666666 
0.00082,2.8000000000000003e-06,200,0.9080818965517241,0.5666666666666667,1.2125 
1e-05,3.7e-07,50,0.8554597701149425,0.4437500000000001,0.9958333333333333 
1e-05,2.7999999999999997e-07,200,0.8565014367816093,0.4541666666666667,1.0 
1e-05,2.7999999999999997e-07,50,0.8554597701149425,0.44375000000000003,0.9958333333333333 
0.00082,4.6e-06,200,0.9331896551724138,0.5479166666666667,1.225 
1e-05,3.7e-07,200,0.8565014367816093,0.44375,0.9979166666666667 
1e-05,2.7999999999999997e-07,100,0.8565014367816093,0.45625000000000004,0.9979166666666667 
0.00082,4.6e-06,50,0.9331896551724138,0.5375000000000001,1.1520833333333333 
0.00082,3.7e-06,100,0.9689655172413792,0.6520833333333333,1.3458333333333332 
0.00082,3.7e-06,50,0.9110272988505748,0.53125,1.13125 
0.00082,3.7e-06,200,0.9578663793103448,0.6645833333333333,1.38125 
1e-05,3.7e-07,100,0.8565014367816093,0.44375000000000003,0.9979166666666667 
0.00082,4.6e-06,100,1.0452227011494253,0.6020833333333333,1.3166666666666667 
0.00082,5.5e-06,100,0.9352729885057471,0.5604166666666667,1.2458333333333333 
1e-05,4.6e-07,200,0.8565014367816093,0.4416666666666667,0.9979166666666667 
1e-05,4.6e-07,50,0.8554597701149425,0.4437500000000001,0.9958333333333335 
2.8000000000000003e-05,4.6e-05,50,0.8424568965517241,0.4125,1.0145833333333334 
2.8000000000000003e-05,3.7e-05,100,0.8414152298850575,0.4104166666666667,1.0166666666666666 
2.8000000000000003e-05,2.8000000000000003e-05,200,0.8424568965517241,0.4125,1.0166666666666666 
2.8000000000000003e-05,4.6e-05,100,0.8414152298850575,0.4125,1.0166666666666666 
2.8000000000000003e-05,4.6e-05,200,0.8424568965517241,0.4125,1.0187499999999998 
1e-05,5.5e-07,50,0.8554597701149425,0.44791666666666674,0.9958333333333335 
2.8000000000000003e-05,5.5e-05,50,0.8424568965517241,0.4125,1.0166666666666666 
2.8000000000000003e-05,3.7e-05,50,0.8424568965517241,0.4125,1.0145833333333334 
1e-05,4.6e-07,100,0.8565014367816093,0.45208333333333334,0.9979166666666667 
2.8000000000000003e-05,3.7e-05,200,0.8424568965517241,0.4125,1.0166666666666666 
2.8000000000000003e-05,5.5e-05,200,0.8424568965517241,0.4125,1.0187499999999998 
2.8000000000000003e-05,5.5e-05,100,0.8414152298850575,0.4104166666666667,1.0166666666666666 
0.00082,5.5e-06,200,0.9352729885057471,0.59375,1.3020833333333333 
1e-05,5.5e-07,100,0.8565014367816093,0.4395833333333334,0.9979166666666667 
1e-05,5.5e-07,200,0.8565014367816093,0.4395833333333333,1.0 
0.00082,5.5e-06,50,0.9801364942528736,0.6416666666666667,1.3645833333333335 
0.00073,1e-07,100,0.9117816091954023,0.5729166666666667,1.20625 
0.00073,1e-07,50,0.9184985632183909,0.575,1.2270833333333333 
0.00073,1e-07,200,0.9135775862068967,0.5979166666666667,1.3041666666666667 
0.00073,1.8999999999999998e-07,50,0.9223778735632183,0.6270833333333333,1.2958333333333334 
0.00073,1.8999999999999998e-07,200,0.9469827586206896,0.6124999999999999,1.325 
0.00073,1.8999999999999998e-07,100,0.9255028735632184,0.5958333333333333,1.2270833333333333 
0.00073,2.7999999999999997e-07,50,0.9223778735632183,0.5729166666666667,1.2375 
0.00073,2.7999999999999997e-07,100,0.9255028735632184,0.5875,1.2312500000000002 
0.00073,2.7999999999999997e-07,200,0.9394037356321839,0.6145833333333334,1.3270833333333334 
0.00073,3.7e-07,100,0.925323275862069,0.5875,1.2333333333333334 
0.00073,3.7e-07,50,0.9050646551724139,0.5708333333333334,1.2020833333333334 
0.00073,3.7e-07,200,0.9263290229885057,0.6145833333333333,1.3354166666666667 
0.00082,6.4000000000000006e-06,50,0.9373563218390805,0.5791666666666667,1.2625 
2.8000000000000003e-05,6.4e-05,100,0.8414152298850575,0.4104166666666667,1.0166666666666666 
2.8000000000000003e-05,6.4e-05,50,0.8424568965517241,0.4125,1.0145833333333334 
0.00082,6.4000000000000006e-06,100,0.9872485632183909,0.625,1.3229166666666665 
1e-05,6.4e-07,50,0.8554597701149425,0.4541666666666667,0.9958333333333335 
0.00082,6.4000000000000006e-06,200,0.9807112068965517,0.5958333333333333,1.34375 
0.00082,8.200000000000001e-06,100,0.9073275862068966,0.5479166666666666,1.2208333333333334 
1e-05,7.3e-07,50,0.8554597701149425,0.4541666666666667,0.9958333333333335 
1e-05,6.4e-07,200,0.8565014367816093,0.44375000000000003,0.9979166666666667 
1e-05,7.3e-07,100,0.8565014367816093,0.44375,1.0 
2.8000000000000003e-05,8.2e-05,50,0.8414152298850575,0.4104166666666667,1.0187499999999998 
1e-05,7.3e-07,200,0.8565014367816093,0.45208333333333334,0.9979166666666667 
0.00082,7.3e-06,100,0.9383979885057472,0.5604166666666667,1.2083333333333335 
2.8000000000000003e-05,7.3e-05,50,0.8424568965517241,0.4125,1.0166666666666666 
0.00082,7.3e-06,200,0.9383979885057472,0.55,1.1520833333333333 
0.00082,9.100000000000001e-06,50,0.9563577586206897,0.63125,1.34375 
1e-05,8.2e-07,50,0.8554597701149425,0.44583333333333336,0.9958333333333335 
0.00082,7.3e-06,50,0.9632902298850574,0.6166666666666666,1.31875 
2.8000000000000003e-05,7.3e-05,100,0.8414152298850575,0.4104166666666667,1.0187499999999998 
0.00082,8.200000000000001e-06,50,0.9274066091954023,0.5750000000000001,1.2645833333333334 
1e-05,8.2e-07,100,0.8565014367816093,0.45,1.0 
2.8000000000000003e-05,6.4e-05,200,0.8424568965517241,0.4125,1.0187499999999998 
2.8000000000000003e-05,7.3e-05,200,0.8424568965517241,0.4125,1.0187499999999998 
2.8000000000000003e-05,8.2e-05,200,0.8424568965517241,0.4125,1.0187499999999998 
1e-05,8.2e-07,200,0.8565014367816093,0.4479166666666667,0.9979166666666667 
2.8000000000000003e-05,8.2e-05,100,0.8414152298850575,0.4125,1.0166666666666666 
1e-05,6.4e-07,100,0.8565014367816093,0.4395833333333334,1.0 
0.00082,9.100000000000001e-06,100,0.9229525862068966,0.5562499999999999,1.2125 
2.8000000000000003e-05,9.1e-05,200,0.8424568965517241,0.4125,1.0208333333333333 
2.8000000000000003e-05,9.1e-05,100,0.8414152298850575,0.4104166666666667,1.0187499999999998 
0.00082,8.200000000000001e-06,200,0.9376077586206897,0.59375,1.30625 
1e-05,9.1e-07,50,0.8554597701149425,0.4541666666666667,0.9979166666666667 
1e-05,9.1e-07,100,0.8565014367816093,0.4479166666666667,1.0 
2.8000000000000003e-05,9.1e-05,50,0.8414152298850575,0.4104166666666667,1.0166666666666666 
1e-05,9.1e-07,200,0.8565014367816093,0.4520833333333333,0.9979166666666667 
0.00082,9.100000000000001e-06,200,0.9488146551724138,0.5958333333333333,1.2583333333333333 
0.00073,4.6e-07,100,0.9255028735632184,0.5750000000000001,1.2083333333333335 
0.00073,4.6e-07,50,0.9231321839080461,0.6041666666666667,1.275 
0.00073,4.6e-07,200,0.9255028735632184,0.5750000000000001,1.2270833333333333 
0.00073,5.5e-07,100,0.9362068965517243,0.5770833333333334,1.2000000000000002 
0.00073,5.5e-07,50,0.9223778735632183,0.5833333333333333,1.2416666666666667 
0.00073,5.5e-07,200,0.9362068965517243,0.5770833333333334,1.2062499999999998 
0.00073,6.4e-07,50,0.9341235632183909,0.5770833333333334,1.25 
0.00073,6.4e-07,100,0.9372485632183909,0.6000000000000001,1.2958333333333334 
0.00073,6.4e-07,200,0.9372485632183909,0.5791666666666667,1.2020833333333334 
0.00073,7.3e-07,100,0.9393318965517241,0.5791666666666667,1.20625 
0.00073,7.3e-07,50,0.9362068965517241,0.5770833333333334,1.28125 
0.00073,7.3e-07,200,0.9393318965517241,0.5791666666666667,1.20625 
0.00091,1e-05,50,0.9534482758620689,0.625,1.3229166666666667 
2.8000000000000003e-05,1e-07,100,0.9114942528735632,0.55,1.175 
0.00091,1e-05,200,0.9068247126436781,0.5916666666666668,1.2791666666666668 
1e-05,1e-06,50,0.8554597701149425,0.45625,0.9979166666666667 
0.00091,1e-05,100,0.9037356321839081,0.5666666666666667,1.2312500000000002 
2.8000000000000003e-05,1e-07,50,0.9076149425287356,0.5125,1.1083333333333334 
1e-05,1.9e-06,50,0.8554597701149425,0.45833333333333337,0.9979166666666667 
0.00091,1.9e-05,50,0.8234195402298851,0.43750000000000006,1.0291666666666666 
1e-05,1e-06,200,0.8565014367816093,0.45,0.9979166666666667 
2.8000000000000003e-05,1.8999999999999998e-07,100,0.9000359195402299,0.53125,1.15625 
0.00091,1.9e-05,200,0.8223778735632185,0.42291666666666666,1.0291666666666666 
2.8000000000000003e-05,1.8999999999999998e-07,200,0.9211566091954022,0.5354166666666667,1.1645833333333333 
1e-05,1.9e-06,100,0.8565014367816093,0.45833333333333326,1.0 
2.8000000000000003e-05,1e-07,200,0.9149066091954023,0.5479166666666666,1.18125 
0.00091,1.9e-05,100,0.8234195402298851,0.42083333333333334,1.0291666666666666 
1e-05,1.9e-06,200,0.8565014367816093,0.45625000000000004,1.0 
0.00091,2.8000000000000003e-05,50,0.8234195402298851,0.41875,1.025 
0.00091,2.8000000000000003e-05,100,0.8244612068965518,0.42083333333333334,1.025 
1e-05,1e-06,100,0.8565014367816093,0.44791666666666663,1.0 
2.8000000000000003e-05,2.7999999999999997e-07,50,0.9024066091954024,0.525,1.1375000000000002 
2.8000000000000003e-05,1.8999999999999998e-07,50,0.9117816091954023,0.5333333333333334,1.1479166666666667 
0.00091,2.8000000000000003e-05,200,0.8244612068965518,0.4229166666666667,1.025 
2.8000000000000003e-05,3.7e-07,100,0.9076149425287356,0.5375,1.15625 
1e-05,2.8000000000000003e-06,200,0.8565014367816093,0.4541666666666666,1.0 
2.8000000000000003e-05,2.7999999999999997e-07,100,0.9055316091954023,0.53125,1.1395833333333334 
1e-05,3.7e-06,100,0.8565014367816093,0.45416666666666666,1.0020833333333332 
2.8000000000000003e-05,2.7999999999999997e-07,200,0.9211566091954023,0.54375,1.1749999999999998 
2.8000000000000003e-05,3.7e-07,50,0.9024066091954023,0.5208333333333333,1.1354166666666665 
1e-05,2.8000000000000003e-06,100,0.8565014367816093,0.45833333333333337,1.0020833333333332 
1e-05,2.8000000000000003e-06,50,0.8554597701149425,0.4541666666666666,0.9979166666666667 
0.00091,3.7e-05,50,0.8275862068965517,0.41875,1.025 
0.00091,3.7e-05,100,0.8255028735632184,0.4270833333333333,1.0291666666666668 
1e-05,3.7e-06,50,0.8554597701149425,0.44791666666666663,1.0 
2.8000000000000003e-05,3.7e-07,200,0.9211566091954023,0.55,1.1791666666666667 
1e-05,3.7e-06,200,0.8565014367816093,0.45833333333333337,1.0 
0.00091,3.7e-05,200,0.8244612068965518,0.42499999999999993,1.025 
0.00073,8.2e-07,50,0.9351652298850575,0.5833333333333334,1.2958333333333334 
0.00073,8.2e-07,200,0.9382902298850575,0.5854166666666666,1.2541666666666664 
0.00073,9.1e-07,50,1.0102011494252872,0.5791666666666667,1.2395833333333335 
0.00073,9.1e-07,100,0.925323275862069,0.58125,1.20625 
0.00073,1e-06,50,0.9377155172413794,0.5875,1.2541666666666667 
0.00073,1e-06,100,0.9242816091954023,0.58125,1.20625 
0.00073,9.1e-07,200,0.9220905172413794,0.58125,1.2145833333333336 
0.00073,1e-06,200,0.9220905172413794,0.58125,1.2229166666666669 
0.00073,8.2e-07,100,0.9382902298850575,0.5791666666666667,1.2041666666666666 
0.00073,1.9e-06,50,0.9270114942528735,0.6187499999999999,1.29375 
0.00073,1.9e-06,100,0.9263649425287356,0.5854166666666667,1.2125 
0.00091,4.6e-05,50,0.8327945402298851,0.41875000000000007,1.025 
0.00073,1.9e-06,200,0.9778017241379311,0.5854166666666667,1.2333333333333334 
1e-05,4.6e-06,50,0.8554597701149425,0.44583333333333336,1.0020833333333332 
1e-05,4.6e-06,100,0.8565014367816093,0.44791666666666663,1.0041666666666667 
2.8000000000000003e-05,4.6e-07,100,0.915948275862069,0.53125,1.1458333333333333 
0.00091,4.6e-05,200,0.8317528735632184,0.42083333333333334,1.025 
0.00091,4.6e-05,100,0.8317528735632184,0.4250000000000001,1.0375 
2.8000000000000003e-05,4.6e-07,50,0.9128232758620689,0.5395833333333333,1.1625 
0.00091,6.4e-05,50,0.8327945402298851,0.425,1.0458333333333334 
0.00091,5.5e-05,50,0.8327945402298851,0.41874999999999996,1.0270833333333331 
2.8000000000000003e-05,4.6e-07,200,0.9086566091954023,0.5354166666666667,1.15625 
2.8000000000000003e-05,5.5e-07,50,0.9018318965517242,0.5270833333333333,1.13125 
0.00091,5.5e-05,200,0.8317528735632184,0.4229166666666667,1.0291666666666668 
1e-05,5.5e-06,100,0.8565014367816093,0.44375,1.0041666666666667 
1e-05,4.6e-06,200,0.8565014367816093,0.4458333333333333,1.0041666666666667 
2.8000000000000003e-05,5.5e-07,200,0.9055316091954022,0.5375,1.1541666666666668 
1e-05,5.5e-06,200,0.8565014367816093,0.45416666666666666,1.0041666666666667 
2.8000000000000003e-05,5.5e-07,100,0.9117816091954023,0.5375,1.1395833333333334 
1e-05,5.5e-06,50,0.8554597701149425,0.4375,1.0020833333333332 
0.00091,6.4e-05,200,0.829669540229885,0.4395833333333333,1.0604166666666668 
0.00091,5.5e-05,100,0.8317528735632184,0.42291666666666666,1.03125 
1e-05,6.4000000000000006e-06,200,0.8565014367816093,0.4458333333333333,1.0041666666666667 
1e-05,6.4000000000000006e-06,50,0.8554597701149425,0.44375,1.0041666666666667 
2.8000000000000003e-05,6.4e-07,100,0.9388649425287356,0.5416666666666667,1.1729166666666666 
2.8000000000000003e-05,6.4e-07,50,0.8992816091954023,0.5291666666666667,1.15 
1e-05,6.4000000000000006e-06,100,0.8565014367816093,0.44791666666666663,1.0041666666666667 
0.00091,6.4e-05,100,0.8317528735632184,0.42500000000000004,1.0270833333333333 
2.8000000000000003e-05,7.3e-07,50,0.9049568965517243,0.53125,1.1375000000000002 
1e-05,7.3e-06,50,0.8554597701149425,0.45,1.0041666666666667 
0.00091,7.3e-05,50,0.8327945402298851,0.425,1.0416666666666667 
2.8000000000000003e-05,7.3e-07,100,0.9125359195402298,0.5479166666666666,1.1708333333333334 
0.00091,7.3e-05,100,0.8327945402298851,0.41875000000000007,1.0333333333333334 
1e-05,7.3e-06,100,0.8565014367816093,0.45,1.0041666666666667 
2.8000000000000003e-05,7.3e-07,200,0.9055316091954022,0.5270833333333333,1.1375000000000002 
1e-05,7.3e-06,200,0.8565014367816093,0.4458333333333333,1.0041666666666667 
0.00091,7.3e-05,200,0.8338362068965518,0.42083333333333334,1.03125 
2.8000000000000003e-05,6.4e-07,200,0.909698275862069,0.5395833333333333,1.15625 
0.00073,2.8000000000000003e-06,50,0.9220905172413794,0.5854166666666667,1.20625 
0.00073,3.7e-06,50,0.926257183908046,0.5875,1.2145833333333333 
0.00073,2.8000000000000003e-06,100,0.9974137931034482,0.5979166666666665,1.2791666666666666 
0.00073,2.8000000000000003e-06,200,0.9241738505747127,0.5854166666666667,1.2104166666666667 
0.00073,3.7e-06,200,0.9283405172413793,0.5875,1.2291666666666667 
0.00073,3.7e-06,100,0.9337284482758621,0.5895833333333333,1.28125 
0.00073,4.6e-06,50,0.9311063218390805,0.5854166666666667,1.21875 
0.00073,4.6e-06,200,0.9304238505747128,0.59375,1.25625 
0.00073,5.5e-06,100,0.9497485632183909,0.5895833333333333,1.2270833333333333 
0.00073,5.5e-06,50,0.9487068965517242,0.6291666666666667,1.3333333333333335 
0.00073,4.6e-06,100,0.9304238505747128,0.5854166666666667,1.2604166666666665 
0.00073,5.5e-06,200,0.9497485632183909,0.5895833333333333,1.2270833333333333 
0.00091,8.2e-05,50,0.8335488505747127,0.4166666666666667,1.0291666666666668 
1e-05,8.200000000000001e-06,50,0.8554597701149425,0.4416666666666667,1.0041666666666667 
0.00091,8.2e-05,200,0.8327945402298851,0.4166666666666667,1.0333333333333332 
0.00091,8.2e-05,100,0.8296695402298851,0.4166666666666667,1.0270833333333333 
0.00091,9.1e-05,50,0.8356321839080461,0.42291666666666666,1.0499999999999998 
1e-05,8.200000000000001e-06,100,0.8565014367816093,0.4354166666666667,1.0041666666666667 
2.8000000000000003e-05,8.2e-07,200,0.9458692528735633,0.5604166666666667,1.2020833333333334 
2.8000000000000003e-05,8.2e-07,100,0.9208692528735631,0.5541666666666667,1.18125 
2.8000000000000003e-05,8.2e-07,50,0.91253591954023,0.5270833333333333,1.1375 
2.8000000000000003e-05,9.1e-07,50,0.9357399425287356,0.5395833333333333,1.1645833333333333 
1e-05,9.100000000000001e-06,50,0.8554597701149425,0.4375,1.0041666666666667 
0.00091,9.1e-05,100,0.8327945402298851,0.4166666666666667,1.0291666666666668 
2.8000000000000003e-05,9.1e-07,100,0.9059985632183909,0.5479166666666667,1.1854166666666668 
0.00091,9.1e-05,200,0.832507183908046,0.41666666666666674,1.0354166666666667 
1e-05,8.200000000000001e-06,200,0.8565014367816093,0.44166666666666665,1.0041666666666667 
2.8000000000000003e-05,9.1e-07,200,0.9329022988505746,0.5479166666666666,1.1729166666666666 
1.9e-05,1e-05,50,0.9302442528735633,0.55,1.1708333333333334 
0.00091,1e-07,100,0.9195402298850575,0.60625,1.2916666666666665 
0.00091,1e-07,50,0.9272988505747127,0.56875,1.2166666666666668 
1.9e-05,1.9e-05,50,0.8554597701149425,0.4125,1.0104166666666665 
0.00091,1e-07,200,0.9292025862068967,0.5541666666666667,1.2083333333333335 
1.9e-05,1e-05,200,0.9114942528735632,0.5333333333333333,1.1520833333333333 
2.8000000000000003e-05,1e-06,100,0.9135775862068966,0.55,1.1604166666666667 
2.8000000000000003e-05,1.9e-06,50,0.9195402298850575,0.54375,1.1666666666666665 
1e-05,9.100000000000001e-06,200,0.8565014367816093,0.44583333333333336,1.0041666666666667 
1.9e-05,1.9e-05,100,0.8554597701149425,0.41041666666666665,1.0104166666666667 
0.00091,1.8999999999999998e-07,100,0.9502155172413794,0.5895833333333333,1.2625000000000002 
2.8000000000000003e-05,1e-06,50,0.934698275862069,0.5395833333333333,1.1625 
2.8000000000000003e-05,1e-06,200,0.910919540229885,0.5395833333333333,1.1666666666666665 
0.00091,1.8999999999999998e-07,50,0.9164152298850576,0.5729166666666667,1.1854166666666668 
1.9e-05,1e-05,100,0.9031609195402299,0.5166666666666667,1.1166666666666667 
1.9e-05,1.9e-05,200,0.8554597701149425,0.41041666666666665,1.0104166666666667 
2.8000000000000003e-05,1.9e-06,100,0.92816091954023,0.5416666666666667,1.1666666666666667 
1e-05,9.100000000000001e-06,100,0.8565014367816093,0.45,1.0020833333333332 
0.00091,1.8999999999999998e-07,200,0.9343031609195402,0.5583333333333333,1.2479166666666666 
2.8000000000000003e-05,1.9e-06,200,0.9385775862068966,0.5583333333333333,1.19375 
0.00073,6.4000000000000006e-06,50,0.9455818965517242,0.5916666666666667,1.2791666666666668 
0.00073,6.4000000000000006e-06,200,0.9466235632183908,0.5875,1.2354166666666666 
0.00073,7.3e-06,50,0.9476652298850574,0.6104166666666667,1.2916666666666667 
0.00073,7.3e-06,100,0.9476652298850574,0.5875,1.2229166666666667 
0.00073,6.4000000000000006e-06,100,0.9466235632183908,0.5875,1.25625 
0.00073,8.200000000000001e-06,50,0.9455818965517242,0.6291666666666667,1.2958333333333334 
0.00073,8.200000000000001e-06,100,0.9455818965517242,0.5895833333333335,1.21875 
0.00073,8.200000000000001e-06,200,0.9183189655172412,0.5979166666666667,1.2625 
0.00073,9.100000000000001e-06,100,1.0094109195402299,0.64375,1.3708333333333333 
0.00073,7.3e-06,200,0.9487068965517242,0.5895833333333333,1.2375 
0.00073,9.100000000000001e-06,50,0.9121408045977011,0.59375,1.26875 
0.00091,2.7999999999999997e-07,50,0.9097701149425288,0.5916666666666667,1.2333333333333334 
0.00073,9.100000000000001e-06,200,0.9464439655172414,0.5916666666666667,1.2604166666666667 
1.9e-05,2.8000000000000003e-05,50,0.8554597701149425,0.41041666666666665,1.0104166666666665 
0.00091,3.7e-07,50,0.911853448275862,0.5916666666666668,1.2458333333333336 
0.00091,2.7999999999999997e-07,200,0.9358117816091953,0.5666666666666667,1.2854166666666667 
0.00091,2.7999999999999997e-07,100,0.9543103448275863,0.5583333333333333,1.2375 
2.8000000000000003e-05,2.8000000000000003e-06,200,0.9430316091954023,0.5645833333333333,1.1958333333333333 
2.8000000000000003e-05,2.8000000000000003e-06,50,0.9080818965517243,0.54375,1.1708333333333334 
2.8000000000000003e-05,2.8000000000000003e-06,100,0.934698275862069,0.5416666666666666,1.1625 
1.9e-05,2.8000000000000003e-05,100,0.8554597701149425,0.41041666666666665,1.0104166666666667 
1.9e-05,2.8000000000000003e-05,200,0.8554597701149425,0.41041666666666665,1.0125 
2.8000000000000003e-05,3.7e-06,50,0.9076149425287356,0.5270833333333333,1.1375000000000002 
2.8000000000000003e-05,3.7e-06,100,0.9104525862068966,0.5395833333333334,1.1666666666666667 
0.00091,4.6e-07,100,0.9350574712643678,0.5458333333333334,1.2666666666666666 
0.00091,3.7e-07,100,0.915948275862069,0.54375,1.1791666666666667 
0.00091,3.7e-07,200,0.915948275862069,0.5625,1.2166666666666668 
0.00091,4.6e-07,50,0.9109195402298851,0.5833333333333334,1.2333333333333334 
1.9e-05,3.7e-05,100,0.8554597701149425,0.41041666666666665,1.0104166666666667 
0.00091,5.5e-07,50,0.9130028735632184,0.5770833333333333,1.2229166666666667 
2.8000000000000003e-05,3.7e-06,200,0.9323275862068966,0.5520833333333334,1.175 
1.9e-05,4.6e-05,200,0.8554597701149425,0.41041666666666665,1.0104166666666667 
2.8000000000000003e-05,4.6e-06,50,0.9130028735632184,0.5479166666666667,1.1708333333333334 
1.9e-05,4.6e-05,100,0.8554597701149425,0.41041666666666665,1.0104166666666667 
1.9e-05,3.7e-05,50,0.8554597701149425,0.4125,1.0125 
2.8000000000000003e-05,5.5e-06,50,0.9025862068965517,0.53125,1.15 
1.9e-05,3.7e-05,200,0.8554597701149425,0.4125,1.0104166666666667 
2.8000000000000003e-05,4.6e-06,200,0.9399066091954023,0.56875,1.2041666666666666 
1.9e-05,4.6e-05,50,0.8554597701149425,0.41041666666666665,1.0104166666666665 
0.00091,4.6e-07,200,0.9169899425287357,0.5479166666666668,1.2458333333333333 
2.8000000000000003e-05,4.6e-06,100,0.92191091954023,0.5291666666666667,1.1541666666666668 
1.9e-05,5.5e-05,50,0.8554597701149425,0.41041666666666665,1.0104166666666667 
0.00091,5.5e-07,100,0.9169899425287357,0.5437500000000001,1.1666666666666665 
2.8000000000000003e-05,5.5e-06,100,0.9156609195402299,0.53125,1.1541666666666668 
1.9e-05,5.5e-05,100,0.8554597701149425,0.41041666666666665,1.0104166666666667 
0.00091,5.5e-07,200,0.9169899425287357,0.5479166666666667,1.24375 
1.9e-05,5.5e-05,200,0.8554597701149425,0.4125,1.0125000000000002 
2.8000000000000003e-05,5.5e-06,200,0.9399066091954023,0.5562499999999999,1.1895833333333332 
0.00082,1e-05,50,0.9081896551724138,0.5791666666666667,1.2833333333333332 
0.00082,1e-05,100,0.90628591954023,0.55625,1.2375 
0.00082,1.9e-05,50,0.8223778735632185,0.41875,1.0250000000000001 
0.00082,1e-05,200,0.949066091954023,0.6333333333333334,1.3291666666666666 
0.00082,1.9e-05,100,0.8244612068965518,0.42916666666666664,1.0250000000000001 
0.00082,2.8000000000000003e-05,50,0.8244612068965518,0.42083333333333334,1.0125 
0.00082,1.9e-05,200,0.8234195402298851,0.42083333333333334,1.0250000000000001 
0.00082,3.7e-05,100,0.8234195402298851,0.41875,1.0125 
0.00082,2.8000000000000003e-05,200,0.8223778735632185,0.41875,1.0125 
0.00082,2.8000000000000003e-05,100,0.8223778735632183,0.4208333333333334,1.0125 
0.00082,3.7e-05,50,0.8286278735632183,0.41875,1.0125 
0.00082,3.7e-05,200,0.8307112068965516,0.41875,1.0125 
0.00091,6.4e-07,50,0.9130028735632184,0.61875,1.3104166666666668 
0.00091,6.4e-07,200,0.9201149425287356,0.5375,1.1625 
0.00091,6.4e-07,100,0.9201149425287356,0.5479166666666667,1.1833333333333336 
1.9e-05,6.4e-05,50,0.8554597701149425,0.41041666666666665,1.0104166666666667 
2.8000000000000003e-05,6.4000000000000006e-06,100,0.9187859195402299,0.5333333333333333,1.1479166666666667 
0.00091,7.3e-07,50,0.913757183908046,0.5937500000000001,1.2312500000000002 
2.8000000000000003e-05,6.4000000000000006e-06,200,0.9289152298850574,0.5520833333333333,1.1854166666666666 
1.9e-05,6.4e-05,200,0.8554597701149425,0.4125,1.0125000000000002 
2.8000000000000003e-05,7.3e-06,50,0.9091235632183909,0.5333333333333333,1.1458333333333335 
1.9e-05,6.4e-05,100,0.8554597701149425,0.41041666666666665,1.0104166666666667 
0.00091,7.3e-07,100,0.9211566091954022,0.5395833333333333,1.18125 
2.8000000000000003e-05,7.3e-06,100,0.9451149425287356,0.5520833333333334,1.1833333333333333 
1.9e-05,8.2e-05,200,0.8554597701149425,0.4125,1.0104166666666667 
1.9e-05,7.3e-05,50,0.8554597701149425,0.41041666666666665,1.0104166666666667 
0.00091,8.2e-07,200,0.9211566091954022,0.5458333333333334,1.1791666666666667 
2.8000000000000003e-05,8.200000000000001e-06,50,0.9028735632183909,0.54375,1.1666666666666665 
0.00091,8.2e-07,50,0.9647270114942529,0.5895833333333333,1.2625000000000002 
1.9e-05,8.2e-05,100,0.8554597701149425,0.41041666666666665,1.0104166666666667 
1.9e-05,7.3e-05,200,0.8554597701149425,0.4125,1.0104166666666667 
1.9e-05,8.2e-05,50,0.8554597701149425,0.41041666666666665,1.0104166666666667 
2.8000000000000003e-05,7.3e-06,200,0.9119612068965517,0.5458333333333334,1.16875 
0.00091,8.2e-07,100,0.9211566091954022,0.5499999999999999,1.1833333333333333 
1.9e-05,7.3e-05,100,0.8554597701149425,0.41041666666666665,1.0104166666666667 
0.00091,7.3e-07,200,0.9211566091954022,0.5395833333333333,1.1833333333333331 
1.9e-05,9.1e-05,50,0.8554597701149425,0.41041666666666665,1.0125000000000002 
2.8000000000000003e-05,8.200000000000001e-06,100,0.9156609195402299,0.5416666666666667,1.1625 
0.00091,9.1e-07,100,0.9221982758620689,0.5416666666666666,1.1375 
2.8000000000000003e-05,8.200000000000001e-06,200,0.9385775862068966,0.55625,1.1875 
0.00091,9.1e-07,50,0.9520114942528735,0.6125,1.2833333333333332 
2.8000000000000003e-05,9.100000000000001e-06,50,0.914044540229885,0.5479166666666666,1.1729166666666666 
1.9e-05,9.1e-05,100,0.8554597701149425,0.41041666666666665,1.0104166666666667 
2.8000000000000003e-05,9.100000000000001e-06,100,0.9195402298850575,0.5458333333333334,1.1770833333333335 
2.8000000000000003e-05,6.4000000000000006e-06,50,0.8987068965517242,0.525,1.1333333333333333 
0.00091,9.1e-07,200,0.9221982758620689,0.5416666666666666,1.1666666666666665 
1.9e-05,9.1e-05,200,0.8554597701149425,0.41041666666666665,1.0104166666666667 
2.8000000000000003e-05,9.100000000000001e-06,200,0.9242816091954023,0.5541666666666667,1.1833333333333333 
0.00082,4.6e-05,50,0.8317528735632184,0.41875000000000007,1.0208333333333335 
0.00082,4.6e-05,100,0.8338362068965517,0.42083333333333334,1.0125 
0.00082,5.5e-05,50,0.8356321839080461,0.43125,1.0416666666666667 
0.00082,4.6e-05,200,0.8307112068965516,0.4166666666666667,1.0145833333333334 
0.00082,6.4e-05,50,0.8327945402298851,0.4166666666666667,1.01875 
0.00082,5.5e-05,100,0.8317528735632184,0.4166666666666667,1.01875 
0.00082,5.5e-05,200,0.8338362068965517,0.4166666666666667,1.01875 
0.00082,6.4e-05,200,0.829669540229885,0.41875,1.0208333333333333 
0.00082,6.4e-05,100,0.829669540229885,0.4166666666666667,1.01875 
0.00082,7.3e-05,100,0.8338362068965517,0.41875,1.0333333333333332 
0.00091,1e-06,50,0.9377155172413794,0.6083333333333334,1.2791666666666668 
0.00082,7.3e-05,200,0.8304238505747127,0.4166666666666667,1.0270833333333333 
3.7e-05,1e-05,50,0.9257902298850575,0.5520833333333334,1.1791666666666667 
0.00091,1e-06,200,0.9114942528735632,0.5625,1.2916666666666665 
3.7e-05,1e-05,100,0.9229525862068966,0.5375,1.15625 
0.00091,1e-06,100,0.9114942528735632,0.5375,1.1333333333333333 
1.9e-05,1e-07,50,0.9128232758620689,0.5166666666666667,1.11875 
1.9e-05,1e-07,100,0.8971982758620689,0.5041666666666667,1.1083333333333334 
1.9e-05,1e-07,200,0.9138649425287357,0.5145833333333334,1.1208333333333336 
0.00091,1.9e-06,100,0.8963362068965517,0.5604166666666667,1.225 
3.7e-05,1.9e-05,200,0.8414152298850575,0.4125,1.0145833333333334 
3.7e-05,1e-05,200,0.9083692528735632,0.5333333333333334,1.1520833333333336 
3.7e-05,1.9e-05,50,0.8403735632183909,0.4104166666666667,1.0145833333333334 
1.9e-05,2.7999999999999997e-07,100,0.8833692528735633,0.5145833333333334,1.1125 
3.7e-05,1.9e-05,100,0.8403735632183909,0.4125,1.0145833333333334 
0.00091,1.9e-06,50,0.8963362068965517,0.5645833333333333,1.15 
1.9e-05,1.8999999999999998e-07,100,0.8912356321839081,0.5166666666666667,1.11875 
1.9e-05,1.8999999999999998e-07,200,0.9052442528735631,0.5208333333333334,1.1375000000000002 
0.00091,2.8000000000000003e-06,200,0.9553160919540231,0.6145833333333334,1.3416666666666668 
0.00091,2.8000000000000003e-06,50,0.9026939655172412,0.5499999999999999,1.1791666666666667 
0.00091,1.9e-06,200,0.9602729885057472,0.5375,1.2083333333333335 
1.9e-05,2.7999999999999997e-07,200,0.9073275862068966,0.5145833333333334,1.125 
1.9e-05,1.8999999999999998e-07,50,0.8864942528735632,0.5,1.0895833333333333 
0.00091,2.8000000000000003e-06,100,0.9216235632183909,0.5375,1.1708333333333334 
1.9e-05,3.7e-07,50,0.8864942528735632,0.5083333333333333,1.1104166666666666 
0.00091,3.7e-06,50,0.9110272988505748,0.5541666666666666,1.1895833333333332 
3.7e-05,2.8000000000000003e-05,200,0.8403735632183909,0.4125,1.0125000000000002 
3.7e-05,2.8000000000000003e-05,100,0.8403735632183909,0.4104166666666667,1.0166666666666666 
0.00082,7.3e-05,50,0.8307112068965518,0.41666666666666674,1.0229166666666667 
1.9e-05,2.7999999999999997e-07,50,0.9031609195402299,0.5145833333333333,1.1166666666666667 
3.7e-05,2.8000000000000003e-05,50,0.8403735632183909,0.4104166666666667,1.0166666666666666 
0.00091,3.7e-06,100,0.9169899425287356,0.54375,1.1895833333333332 
1.9e-05,3.7e-07,100,0.9013649425287357,0.5104166666666667,1.1125 
3.7e-05,3.7e-05,50,0.8403735632183909,0.4104166666666667,1.01875 
3.7e-05,3.7e-05,100,0.8403735632183909,0.4125,1.0145833333333334 
0.00091,3.7e-06,200,0.929094827586207,0.6166666666666667,1.2979166666666666 
1.9e-05,3.7e-07,200,0.9094109195402298,0.5166666666666667,1.1291666666666664 
3.7e-05,3.7e-05,200,0.8403735632183909,0.4125,1.0145833333333334 
0.00082,9.1e-05,50,0.8332614942528735,0.41458333333333336,1.0458333333333334 
0.00082,8.2e-05,100,0.8307112068965518,0.4166666666666667,1.025 
0.00082,8.2e-05,50,0.8345905172413793,0.41874999999999996,1.0333333333333334 
0.00082,8.2e-05,200,0.8293821839080461,0.41875,1.0333333333333334 
0.00082,9.1e-05,100,0.8397988505747127,0.4166666666666667,1.0458333333333334 
0.00082,9.1e-05,200,0.8314655172413793,0.41874999999999996,1.0333333333333334 
0.00091,4.6e-06,50,0.9477729885057472,0.625,1.3291666666666666 
3.7e-05,4.6e-05,50,0.8403735632183909,0.4104166666666667,1.0166666666666666 
0.00091,4.6e-06,200,0.9710488505747127,0.5874999999999999,1.3041666666666667 
3.7e-05,4.6e-05,100,0.8403735632183909,0.4104166666666667,1.0145833333333334 
0.00091,4.6e-06,100,0.9610991379310345,0.625,1.31875 
1.9e-05,4.6e-07,100,0.8930316091954024,0.5041666666666667,1.1041666666666665 
1.9e-05,4.6e-07,50,0.9055316091954022,0.5145833333333334,1.1083333333333334 
1.9e-05,4.6e-07,200,0.9138649425287356,0.5208333333333334,1.13125 
3.7e-05,5.5e-05,100,0.8414152298850575,0.4125,1.0145833333333334 
0.00091,5.5e-06,50,0.9513649425287356,0.5854166666666667,1.2854166666666669 
3.7e-05,5.5e-05,50,0.8414152298850575,0.41250000000000003,1.0166666666666666 
3.7e-05,4.6e-05,200,0.8414152298850575,0.4125,1.0145833333333334 
1.9e-05,5.5e-07,50,0.9065732758620689,0.5145833333333334,1.1125 
3.7e-05,5.5e-05,200,0.8414152298850575,0.4125,1.0166666666666666 
0.00091,5.5e-06,100,1.0843390804597701,0.66875,1.40625 
1.9e-05,5.5e-07,200,0.9000359195402299,0.51875,1.1291666666666667 
0.00091,6.4000000000000006e-06,100,0.8992816091954023,0.5708333333333333,1.2166666666666668 
0.00091,5.5e-06,200,0.908728448275862,0.5729166666666666,1.2458333333333333 
1.9e-05,5.5e-07,100,0.88128591954023,0.5083333333333333,1.1083333333333334 
0.00091,7.3e-06,50,0.959985632183908,0.63125,1.3125 
1.9e-05,6.4e-07,50,0.8958692528735632,0.5104166666666667,1.1166666666666667 
1.9e-05,6.4e-07,200,0.9039152298850575,0.5229166666666667,1.1375000000000002 
3.7e-05,6.4e-05,50,0.8414152298850575,0.4104166666666667,1.01875 
0.00091,6.4000000000000006e-06,50,0.9713362068965518,0.58125,1.3083333333333331 
3.7e-05,6.4e-05,100,0.8403735632183909,0.4125,1.0145833333333334 
0.00091,6.4000000000000006e-06,200,0.915948275862069,0.5833333333333334,1.2770833333333333 
1.9e-05,6.4e-07,100,0.8833692528735633,0.5104166666666666,1.1104166666666666 
3.7e-05,6.4e-05,200,0.8403735632183909,0.4125,1.0166666666666666 
1.9e-05,7.3e-07,50,0.9076149425287356,0.5083333333333333,1.1145833333333333 
0.00091,7.3e-06,100,0.9123204022988506,0.5895833333333333,1.2729166666666667 
1.9e-05,7.3e-07,100,0.9122485632183908,0.5354166666666667,1.1520833333333333 
3.7e-05,7.3e-05,50,0.8414152298850575,0.4104166666666667,1.0166666666666666 
3.7e-05,7.3e-05,100,0.8403735632183909,0.4104166666666667,1.0145833333333334 
0.00091,7.3e-06,200,0.8982040229885058,0.5895833333333333,1.2791666666666668 
1.9e-05,7.3e-07,200,0.9049568965517243,0.5229166666666667,1.1375000000000002 
3.7e-05,7.3e-05,200,0.8403735632183909,0.4125,1.0145833333333334 
0.00091,8.200000000000001e-06,50,0.9524066091954022,0.5833333333333334,1.2937499999999997 
0.00091,8.200000000000001e-06,100,0.9136494252873564,0.5770833333333333,1.2770833333333333 
3.7e-05,8.2e-05,100,0.8403735632183909,0.4104166666666667,1.0166666666666666 
0.00091,8.200000000000001e-06,200,0.9153735632183908,0.5916666666666667,1.275 
1.9e-05,8.2e-07,100,0.92191091954023,0.5375,1.1541666666666668 
3.7e-05,8.2e-05,200,0.8414152298850575,0.4125,1.0166666666666666 
1.9e-05,8.2e-07,50,0.8903735632183909,0.5145833333333334,1.11875 
1.9e-05,8.2e-07,200,0.9059985632183909,0.525,1.1395833333333334 
0.00091,9.100000000000001e-06,100,0.8995689655172414,0.5333333333333333,1.175 
0.00091,9.100000000000001e-06,50,0.9534482758620689,0.6020833333333333,1.3270833333333334 
3.7e-05,9.1e-05,50,0.8414152298850575,0.4104166666666667,1.0166666666666666 
0.00091,9.100000000000001e-06,200,0.9303520114942528,0.5708333333333333,1.225 
3.7e-05,9.1e-05,100,0.8403735632183909,0.41250000000000003,1.0145833333333334 
1.9e-05,9.1e-07,200,0.92191091954023,0.5354166666666667,1.1541666666666668 
1.9e-05,9.1e-07,100,0.8927442528735632,0.5166666666666666,1.125 
1.9e-05,9.1e-07,50,0.9021192528735633,0.5229166666666666,1.1354166666666665 
3.7e-05,9.1e-05,200,0.8403735632183909,0.4125,1.0145833333333334 
3.7e-05,8.2e-05,50,0.8414152298850575,0.4125,1.0166666666666666 
6.4e-05,2.8000000000000003e-06,50,0.9175646551724138,0.5291666666666666,1.1416666666666666 
3.7e-05,1e-07,200,0.8960488505747127,0.5333333333333333,1.1541666666666668 
5.5e-05,1.9e-05,200,0.8372485632183908,0.4125,1.00625 
3.7e-05,1.8999999999999998e-07,50,0.9055316091954023,0.5375000000000001,1.15 
5.5e-05,1.9e-05,100,0.8382902298850574,0.41250000000000003,1.00625 
3.7e-05,3.7e-07,100,0.9122485632183908,0.5437500000000001,1.1854166666666668 
5.5e-05,2.8000000000000003e-05,50,0.8610272988505747,0.4104166666666667,1.00625 
5.5e-05,1e-05,50,0.9492816091954023,0.5604166666666667,1.1916666666666667 
3.7e-05,3.7e-07,50,0.9149066091954023,0.5333333333333333,1.1437499999999998 
5.5e-05,3.7e-05,100,0.8382902298850574,0.4104166666666667,1.00625 
3.7e-05,1.8999999999999998e-07,100,0.915948275862069,0.525,1.14375 
3.7e-05,2.7999999999999997e-07,100,0.9098778735632184,0.5333333333333333,1.1645833333333333 
6.4e-05,1.9e-06,100,0.9169899425287356,0.5395833333333333,1.1583333333333332 
5.5e-05,3.7e-05,50,0.8589439655172413,0.4125,1.00625 
5.5e-05,1.9e-05,50,0.8610272988505747,0.4104166666666667,1.00625 
8.2e-05,2.7999999999999997e-07,50,0.9062859195402299,0.5458333333333334,1.1666666666666665 
3.7e-05,2.7999999999999997e-07,50,0.9055316091954022,0.53125,1.1375000000000002 
3.7e-05,2.7999999999999997e-07,200,0.9117816091954023,0.5375,1.16875 
3.7e-05,3.7e-07,200,0.9107399425287356,0.5333333333333333,1.1583333333333332 
8.2e-05,1.8999999999999998e-07,50,0.9125359195402298,0.53125,1.1583333333333332 
5.5e-05,1e-05,200,0.8894396551724139,0.51875,1.1229166666666668 
6.4e-05,1e-06,100,0.9018318965517242,0.5229166666666667,1.13125 
8.2e-05,3.7e-07,100,0.9089439655172413,0.5291666666666667,1.1458333333333335 
3.7e-05,1e-07,100,0.9276939655172414,0.5333333333333333,1.1625 
3.7e-05,1.8999999999999998e-07,200,0.9117816091954023,0.53125,1.1604166666666667 
5.5e-05,2.8000000000000003e-05,100,0.8393318965517242,0.4125,1.00625 
6.4e-05,3.7e-06,200,0.9076149425287356,0.53125,1.14375 
5.5e-05,3.7e-05,200,0.8393318965517242,0.4125,1.00625 
3.7e-05,1e-07,50,0.9052442528735632,0.5270833333333333,1.14375 
8.2e-05,1.8999999999999998e-07,100,0.9206896551724139,0.5520833333333334,1.1791666666666667 
6.4e-05,1.9e-06,200,0.9110272988505748,0.51875,1.11875 
6.4e-05,3.7e-06,100,0.9091235632183907,0.5395833333333333,1.1625 
5.5e-05,1e-05,100,0.9354525862068965,0.5520833333333334,1.18125 
5.5e-05,2.8000000000000003e-05,200,0.8372485632183908,0.4104166666666667,1.00625 
8.2e-05,3.7e-07,200,0.9763649425287355,0.5708333333333333,1.2458333333333331 
8.2e-05,2.7999999999999997e-07,100,0.9144396551724138,0.525,1.1291666666666667 
6.4e-05,1e-06,200,0.9172772988505746,0.5208333333333333,1.1208333333333331 
6.4e-05,1e-06,50,0.91253591954023,0.5208333333333334,1.1354166666666667 
8.2e-05,1.8999999999999998e-07,200,0.91253591954023,0.5395833333333333,1.1479166666666667 
8.2e-05,2.7999999999999997e-07,200,0.9058189655172413,0.5354166666666667,1.1458333333333335 
6.4e-05,2.8000000000000003e-06,100,0.9202945402298851,0.5583333333333333,1.1854166666666668 
8.2e-05,3.7e-07,50,0.9071479885057472,0.55625,1.1854166666666668 
6.4e-05,3.7e-06,50,0.9272988505747127,0.5708333333333333,1.2166666666666668 
8.2e-05,1e-07,50,0.9144396551724138,0.5229166666666667,1.1333333333333333 
6.4e-05,1.9e-06,50,0.9208692528735631,0.53125,1.1520833333333331 
8.2e-05,1e-07,100,0.9099856321839079,0.5270833333333333,1.13125 
6.4e-05,2.8000000000000003e-06,200,0.9186063218390804,0.53125,1.1458333333333335 
8.2e-05,1e-07,200,0.9422772988505748,0.5416666666666666,1.1604166666666667 
3.7e-05,4.6e-07,50,0.8963362068965518,0.5270833333333333,1.1375000000000002 
6.4e-05,4.6e-06,50,0.9432112068965518,0.58125,1.2312500000000002 
5.5e-05,4.6e-05,50,0.8589439655172413,0.4104166666666667,1.0083333333333333 
3.7e-05,5.5e-07,100,0.92191091954023,0.5333333333333333,1.1604166666666667 
3.7e-05,4.6e-07,200,0.9002155172413794,0.5479166666666667,1.1625 
5.5e-05,4.6e-05,200,0.8382902298850574,0.41250000000000003,1.00625 
3.7e-05,5.5e-07,50,0.9138649425287356,0.5416666666666666,1.1625 
5.5e-05,4.6e-05,100,0.8382902298850574,0.4125,1.00625 
3.7e-05,5.5e-07,200,0.910919540229885,0.5458333333333334,1.1666666666666665 
5.5e-05,5.5e-05,100,0.8382902298850574,0.4104166666666667,1.0041666666666667 
3.7e-05,7.3e-07,50,0.9149066091954023,0.5416666666666666,1.1583333333333332 
8.2e-05,4.6e-07,50,0.9355603448275862,0.54375,1.1666666666666665 
6.4e-05,4.6e-06,100,0.9114942528735632,0.5375,1.1541666666666668 
3.7e-05,4.6e-07,100,0.950323275862069,0.55625,1.19375 
6.4e-05,5.5e-06,50,0.9208692528735632,0.5416666666666667,1.1520833333333333 
3.7e-05,6.4e-07,100,0.9153735632183908,0.5333333333333333,1.1583333333333332 
3.7e-05,6.4e-07,50,0.9036278735632185,0.5375000000000001,1.1520833333333336 
5.5e-05,7.3e-05,50,0.8610272988505747,0.4104166666666667,1.0125 
3.7e-05,6.4e-07,200,0.9007902298850574,0.5458333333333333,1.1604166666666667 
8.2e-05,5.5e-07,100,0.9776939655172414,0.5625,1.2312500000000002 
5.5e-05,7.3e-05,100,0.8382902298850574,0.4125,1.0083333333333333 
3.7e-05,7.3e-07,200,0.9250359195402299,0.5458333333333334,1.1625 
5.5e-05,6.4e-05,200,0.8372485632183908,0.41250000000000003,1.0083333333333333 
6.4e-05,5.5e-06,200,0.9102729885057471,0.5562499999999999,1.1958333333333333 
6.4e-05,6.4000000000000006e-06,50,0.9065732758620689,0.5291666666666666,1.1395833333333332 
5.5e-05,5.5e-05,200,0.8372485632183908,0.41250000000000003,1.00625 
5.5e-05,5.5e-05,50,0.8589439655172413,0.4104166666666667,1.0083333333333333 
8.2e-05,7.3e-07,50,0.8988146551724138,0.55625,1.1687500000000002 
6.4e-05,7.3e-06,50,0.9073275862068966,0.5229166666666667,1.1270833333333332 
6.4e-05,6.4000000000000006e-06,100,0.9183189655172415,0.5666666666666667,1.2020833333333334 
6.4e-05,4.6e-06,200,0.9112068965517242,0.54375,1.1604166666666667 
6.4e-05,7.3e-06,100,0.9049568965517241,0.54375,1.1583333333333332 
8.2e-05,6.4e-07,50,0.9099856321839079,0.55,1.1583333333333332 
6.4e-05,5.5e-06,100,0.9083692528735632,0.5270833333333333,1.1375 
5.5e-05,6.4e-05,50,0.8610272988505747,0.4104166666666667,1.0083333333333333 
6.4e-05,6.4000000000000006e-06,200,0.9141522988505748,0.55,1.1645833333333333 
8.2e-05,7.3e-07,100,0.8932112068965518,0.5291666666666667,1.13125 
5.5e-05,7.3e-05,200,0.8372485632183908,0.4125,1.0083333333333333 
8.2e-05,5.5e-07,200,0.912248563218391,0.5729166666666667,1.2416666666666667 
8.2e-05,6.4e-07,200,0.9349856321839081,0.5625,1.23125 
8.2e-05,6.4e-07,100,0.9141522988505748,0.525,1.1666666666666667 
3.7e-05,7.3e-07,100,0.9169899425287356,0.53125,1.1520833333333333 
5.5e-05,6.4e-05,100,0.8393318965517242,0.4125,1.00625 
8.2e-05,5.5e-07,50,0.9123563218390806,0.5812499999999999,1.2354166666666666 
8.2e-05,4.6e-07,200,0.9132902298850576,0.5750000000000001,1.24375 
8.2e-05,7.3e-07,200,0.9276939655172414,0.5437500000000001,1.1583333333333334 
8.2e-05,4.6e-07,100,0.9127155172413793,0.5645833333333333,1.1875 
6.4e-05,7.3e-06,200,0.9123563218390806,0.5229166666666667,1.1333333333333333 
3.7e-05,8.2e-07,50,0.9119612068965518,0.5437500000000001,1.1687500000000002 
6.4e-05,8.200000000000001e-06,50,0.9021192528735632,0.5166666666666666,1.1145833333333333 
5.5e-05,8.2e-05,200,0.8382902298850574,0.4104166666666667,1.0083333333333333 
3.7e-05,8.2e-07,200,0.9250359195402299,0.5395833333333333,1.1604166666666667 
3.7e-05,9.1e-07,100,0.9265445402298851,0.5437500000000001,1.1979166666666667 
8.2e-05,8.2e-07,50,0.9297772988505748,0.5541666666666667,1.1833333333333336 
3.7e-05,9.1e-07,200,0.9247485632183909,0.55,1.1770833333333335 
5.5e-05,8.2e-05,50,0.8610272988505747,0.4104166666666667,1.0125 
5.5e-05,8.2e-05,100,0.8382902298850574,0.4125,1.0104166666666665 
3.7e-05,8.2e-07,100,0.9216235632183909,0.5541666666666667,1.175 
3.7e-05,9.1e-07,50,0.9031609195402299,0.525,1.1291666666666667 
5.5e-05,1e-07,200,0.9042025862068965,0.5145833333333334,1.11875 
3.7e-05,1e-06,50,0.9169899425287356,0.5416666666666667,1.1604166666666669 
5.5e-05,9.1e-05,50,0.8610272988505747,0.4104166666666667,1.0125 
6.4e-05,8.200000000000001e-06,200,0.9482399425287356,0.5770833333333334,1.21875 
3.7e-05,1e-06,100,0.9263649425287357,0.5354166666666667,1.1604166666666667 
8.2e-05,8.2e-07,100,0.9008979885057472,0.53125,1.1375 
6.4e-05,9.100000000000001e-06,200,0.9086566091954023,0.5333333333333333,1.1479166666666667 
3.7e-05,1.9e-06,100,0.9149066091954023,0.5416666666666667,1.1604166666666669 
3.7e-05,1.9e-06,50,0.9135775862068967,0.53125,1.1479166666666667 
3.7e-05,1e-06,200,0.9247485632183907,0.54375,1.1770833333333333 
8.2e-05,9.1e-07,200,0.9164152298850576,0.5437500000000001,1.1749999999999998 
6.4e-05,8.200000000000001e-06,100,0.9049568965517241,0.5333333333333333,1.1375 
8.2e-05,1.9e-06,200,0.9312859195402299,0.5458333333333334,1.1729166666666666 
5.5e-05,9.1e-05,100,0.8382902298850574,0.41250000000000003,1.0062499999999999 
5.5e-05,9.1e-05,200,0.8372485632183908,0.4104166666666667,1.00625 
6.4e-05,9.100000000000001e-06,50,0.9083692528735632,0.525,1.1291666666666667 
7.3e-05,1.9e-05,200,0.8393318965517242,0.41250000000000003,1.0187499999999998 
5.5e-05,1e-07,100,0.9141522988505746,0.5333333333333332,1.1541666666666668 
8.2e-05,8.2e-07,200,0.9204022988505747,0.5416666666666667,1.15625 
7.3e-05,1e-05,100,0.9239942528735632,0.5375,1.1583333333333332 
7.3e-05,1e-05,200,0.9075071839080461,0.5583333333333333,1.1770833333333335 
8.2e-05,9.1e-07,100,0.9141522988505746,0.53125,1.1375 
5.5e-05,1.8999999999999998e-07,50,0.950323275862069,0.5520833333333334,1.19375 
7.3e-05,1e-05,50,0.9208692528735631,0.5249999999999999,1.1520833333333331 
8.2e-05,9.1e-07,50,0.9183189655172415,0.5583333333333333,1.1854166666666668 
3.7e-05,1.9e-06,200,0.9171695402298851,0.55,1.1791666666666667 
5.5e-05,1.8999999999999998e-07,100,0.9156609195402299,0.5354166666666667,1.1583333333333332 
8.2e-05,1.9e-06,100,0.9915229885057472,0.6041666666666666,1.2416666666666667 
7.3e-05,1.9e-05,50,0.8393318965517242,0.41250000000000003,1.0145833333333334 
7.3e-05,1.9e-05,100,0.8403735632183909,0.4125,1.0145833333333334 
5.5e-05,1.8999999999999998e-07,200,0.9308189655172414,0.5333333333333333,1.1416666666666666 
8.2e-05,1e-06,100,0.9015445402298851,0.5291666666666666,1.16875 
6.4e-05,9.100000000000001e-06,100,0.9059985632183909,0.5354166666666667,1.15 
5.5e-05,1e-07,50,0.9357399425287356,0.55625,1.1979166666666665 
8.2e-05,1e-06,50,0.9104525862068966,0.5520833333333333,1.2 
8.2e-05,1.9e-06,50,0.9101652298850575,0.6104166666666666,1.3145833333333332 
8.2e-05,1e-06,200,0.9184985632183909,0.5458333333333334,1.1645833333333333 
7.3e-05,2.8000000000000003e-05,50,0.8393318965517242,0.41250000000000003,1.0125000000000002 
3.7e-05,2.8000000000000003e-06,50,0.9091235632183909,0.53125,1.1458333333333335 
3.7e-05,3.7e-06,50,0.9205818965517241,0.54375,1.1708333333333334 
5.5e-05,2.7999999999999997e-07,50,0.8914152298850575,0.5145833333333334,1.1208333333333336 
5.5e-05,2.7999999999999997e-07,100,0.9208692528735634,0.5333333333333334,1.1520833333333336 
3.7e-05,2.8000000000000003e-06,100,0.9323275862068966,0.5458333333333334,1.175 
5.5e-05,2.7999999999999997e-07,200,0.9336566091954023,0.5458333333333334,1.1666666666666665 
3.7e-05,3.7e-06,100,0.9256106321839082,0.5395833333333333,1.1625 
3.7e-05,4.6e-06,50,0.9104525862068966,0.5354166666666667,1.1541666666666668 
3.7e-05,2.8000000000000003e-06,200,0.9482399425287356,0.5541666666666667,1.1895833333333332 
8.2e-05,2.8000000000000003e-06,50,0.9213362068965517,0.5625,1.1916666666666667 
5.5e-05,3.7e-07,100,0.9005028735632185,0.5354166666666667,1.15 
3.7e-05,3.7e-06,200,0.9094109195402299,0.5291666666666667,1.1479166666666667 
7.3e-05,2.8000000000000003e-05,100,0.8393318965517242,0.4125,1.0145833333333334 
5.5e-05,3.7e-07,50,0.911314655172414,0.5249999999999999,1.1437499999999998 
3.7e-05,5.5e-06,50,0.9153735632183908,0.5333333333333333,1.1583333333333332 
8.2e-05,2.8000000000000003e-06,200,0.9308189655172414,0.56875,1.2166666666666668 
7.3e-05,3.7e-05,50,0.8393318965517242,0.41250000000000003,1.0125000000000002 
7.3e-05,2.8000000000000003e-05,200,0.8403735632183909,0.4125,1.0187499999999998 
5.5e-05,3.7e-07,200,0.9044899425287356,0.5479166666666666,1.1666666666666665 
7.3e-05,3.7e-05,100,0.8393318965517242,0.4125,1.0145833333333334 
3.7e-05,4.6e-06,100,0.9275862068965517,0.5645833333333333,1.2 
3.7e-05,4.6e-06,200,0.9015445402298851,0.5291666666666666,1.1479166666666667 
8.2e-05,2.8000000000000003e-06,100,0.9401939655172413,0.6,1.2770833333333333 
7.3e-05,4.6e-05,50,0.8403735632183909,0.41250000000000003,1.0125000000000002 
3.7e-05,5.5e-06,100,0.9594109195402298,0.5791666666666667,1.2291666666666665 
7.3e-05,5.5e-05,50,0.8403735632183909,0.41250000000000003,1.0125000000000002 
8.2e-05,3.7e-06,50,0.9151939655172414,0.54375,1.1749999999999998 
7.3e-05,4.6e-05,100,0.8403735632183909,0.41458333333333336,1.0145833333333334 
8.2e-05,3.7e-06,200,0.9229525862068966,0.5395833333333333,1.15625 
8.2e-05,4.6e-06,200,0.9070402298850575,0.5416666666666666,1.1416666666666666 
3.7e-05,5.5e-06,200,0.9448275862068967,0.55625,1.2000000000000002 
5.5e-05,4.6e-07,200,0.9044899425287356,0.5479166666666666,1.1666666666666665 
8.2e-05,4.6e-06,50,0.9849856321839081,0.59375,1.2458333333333333 
5.5e-05,5.5e-07,100,0.9107399425287357,0.5354166666666667,1.1770833333333335 
8.2e-05,3.7e-06,100,0.900323275862069,0.55,1.1770833333333335 
8.2e-05,4.6e-06,100,0.9114942528735632,0.5270833333333332,1.1333333333333333 
7.3e-05,3.7e-05,200,0.8393318965517242,0.4104166666666667,1.0166666666666666 
7.3e-05,5.5e-05,100,0.8393318965517242,0.4125,1.0125000000000002 
5.5e-05,5.5e-07,50,0.9519396551724139,0.5479166666666666,1.1625 
5.5e-05,5.5e-07,200,0.9055316091954022,0.5479166666666666,1.16875 
5.5e-05,4.6e-07,100,0.931573275862069,0.53125,1.15625 
5.5e-05,4.6e-07,50,0.8924568965517241,0.5291666666666667,1.15 
7.3e-05,4.6e-05,200,0.8393318965517242,0.4104166666666667,1.0166666666666666 
8.2e-05,5.5e-06,50,0.9263649425287357,0.5625,1.1833333333333333 
8.2e-05,5.5e-06,100,0.9049568965517243,0.5229166666666667,1.1375000000000002 
7.3e-05,5.5e-05,200,0.8393318965517242,0.4104166666666667,1.0166666666666666 
8.2e-05,5.5e-06,200,0.9080818965517241,0.5416666666666666,1.1437499999999998 
7.3e-05,6.4e-05,50,0.8403735632183909,0.41250000000000003,1.0104166666666667 
3.7e-05,6.4000000000000006e-06,50,0.9184985632183909,0.5541666666666667,1.18125 
5.5e-05,6.4e-07,50,0.9024066091954023,0.5270833333333333,1.1375000000000002 
5.5e-05,6.4e-07,100,0.9086566091954023,0.5354166666666667,1.1583333333333332 
3.7e-05,8.200000000000001e-06,50,0.9177442528735633,0.5416666666666667,1.1729166666666666 
3.7e-05,6.4000000000000006e-06,100,0.9330818965517242,0.5562499999999999,1.19375 
3.7e-05,7.3e-06,100,0.92191091954023,0.5375,1.1541666666666668 
3.7e-05,7.3e-06,200,0.9138649425287356,0.5395833333333333,1.1625 
5.5e-05,6.4e-07,200,0.9076149425287356,0.5458333333333334,1.1666666666666667 
3.7e-05,7.3e-06,50,0.9271192528735632,0.5458333333333334,1.1729166666666666 
5.5e-05,7.3e-07,100,0.9331896551724138,0.5229166666666667,1.1395833333333334 
3.7e-05,6.4000000000000006e-06,200,0.9049568965517241,0.5208333333333334,1.1375 
5.5e-05,7.3e-07,50,0.9120689655172414,0.5166666666666666,1.1229166666666666 
3.7e-05,8.200000000000001e-06,100,0.9364942528735632,0.5479166666666667,1.1833333333333333 
7.3e-05,6.4e-05,100,0.8414152298850575,0.4125,1.0125000000000002 
8.2e-05,6.4000000000000006e-06,100,0.944360632183908,0.5479166666666667,1.1687500000000002 
7.3e-05,7.3e-05,100,0.8393318965517242,0.41458333333333336,1.0125000000000002 
7.3e-05,6.4e-05,200,0.8393318965517242,0.4104166666666667,1.0145833333333334 
3.7e-05,9.100000000000001e-06,50,0.9242816091954023,0.5291666666666667,1.14375 
5.5e-05,7.3e-07,200,0.9065732758620689,0.5458333333333334,1.1645833333333333 
8.2e-05,7.3e-06,200,0.8839439655172414,0.5479166666666666,1.1541666666666666 
7.3e-05,7.3e-05,50,0.8393318965517242,0.41250000000000003,1.0104166666666667 
8.2e-05,6.4000000000000006e-06,200,0.8956896551724137,0.5479166666666666,1.1625 
5.5e-05,9.1e-07,100,0.9169899425287357,0.5333333333333333,1.1520833333333333 
8.2e-05,6.4000000000000006e-06,50,0.9031609195402299,0.5854166666666667,1.2458333333333333 
7.3e-05,8.2e-05,100,0.8393318965517242,0.41458333333333336,1.0125000000000002 
7.3e-05,8.2e-05,200,0.8393318965517242,0.4125,1.0145833333333334 
3.7e-05,9.100000000000001e-06,200,0.9205818965517241,0.54375,1.16875 
7.3e-05,7.3e-05,200,0.8393318965517242,0.4125,1.0145833333333334 
7.3e-05,9.1e-05,50,0.8393318965517242,0.4125,1.0145833333333334 
8.2e-05,7.3e-06,100,0.9244612068965518,0.5604166666666667,1.19375 
7.3e-05,8.2e-05,50,0.8393318965517242,0.4125,1.0145833333333334 
8.2e-05,8.200000000000001e-06,50,0.9019396551724138,0.5229166666666667,1.125 
5.5e-05,8.2e-07,100,0.9367816091954023,0.5416666666666667,1.1666666666666667 
5.5e-05,9.1e-07,200,0.9107399425287356,0.5479166666666667,1.1666666666666667 
8.2e-05,9.100000000000001e-06,50,0.9480603448275862,0.5416666666666666,1.1791666666666667 
8.2e-05,8.200000000000001e-06,200,0.9216235632183909,0.5479166666666667,1.1708333333333334 
3.7e-05,9.100000000000001e-06,100,0.9309985632183908,0.5520833333333333,1.1895833333333332 
8.2e-05,7.3e-06,50,0.9055316091954023,0.5229166666666666,1.1291666666666669 
5.5e-05,8.2e-07,50,0.9049568965517243,0.5229166666666667,1.1375000000000002 
5.5e-05,8.2e-07,200,0.9096982758620689,0.55,1.1687500000000002 
5.5e-05,9.1e-07,50,0.907794540229885,0.5395833333333333,1.1604166666666667 
8.2e-05,9.100000000000001e-06,100,0.9329022988505746,0.5458333333333334,1.1520833333333336 
8.2e-05,8.200000000000001e-06,100,0.9205818965517243,0.55,1.1687500000000002 
7.3e-05,9.1e-05,100,0.8393318965517242,0.41458333333333336,1.0125000000000002 
7.3e-05,9.1e-05,200,0.8393318965517242,0.41458333333333336,1.0145833333333334 
8.2e-05,9.100000000000001e-06,200,0.9245689655172413,0.5666666666666668,1.2083333333333335 
3.7e-05,8.200000000000001e-06,200,0.9080818965517241,0.5291666666666667,1.14375 
7.3e-05,1e-07,50,0.9409482758620689,0.5625,1.19375 
4.6e-05,1e-05,50,0.947198275862069,0.5520833333333334,1.2229166666666667 
4.6e-05,1e-05,200,0.9354525862068965,0.55625,1.18125 
4.6e-05,2.8000000000000003e-05,50,0.8382902298850574,0.4125,1.0083333333333333 
5.5e-05,1e-06,100,0.9187859195402299,0.5395833333333333,1.15625 
4.6e-05,1.9e-05,50,0.8382902298850574,0.41250000000000003,1.0083333333333333 
4.6e-05,1e-05,100,0.91253591954023,0.5354166666666667,1.1541666666666668 
5.5e-05,1e-06,50,0.9052442528735632,0.53125,1.1416666666666666 
5.5e-05,1e-06,200,0.9128232758620689,0.55625,1.175 
4.6e-05,1.9e-05,200,0.8382902298850574,0.41250000000000003,1.0083333333333333 
4.6e-05,1.9e-05,100,0.8393318965517242,0.4125,1.0083333333333333 
7.3e-05,1e-07,100,0.9076149425287356,0.5625,1.1958333333333333 
5.5e-05,1.9e-06,200,0.9149066091954023,0.5395833333333333,1.16875 
4.6e-05,2.8000000000000003e-05,100,0.8403735632183909,0.4125,1.0083333333333333 
9.1e-05,1e-05,50,0.9305316091954023,0.5416666666666666,1.1854166666666666 
7.3e-05,1e-07,200,0.907794540229885,0.5520833333333333,1.1708333333333334 
5.5e-05,1.9e-06,50,0.9224856321839079,0.5479166666666667,1.1666666666666667 
7.3e-05,1.8999999999999998e-07,200,0.9211566091954023,0.5375,1.16875 
4.6e-05,2.8000000000000003e-05,200,0.8393318965517242,0.4125,1.0083333333333333 
7.3e-05,1.8999999999999998e-07,100,0.9147270114942528,0.56875,1.1979166666666665 
7.3e-05,1.8999999999999998e-07,50,0.9205818965517241,0.5479166666666666,1.16875 
5.5e-05,2.8000000000000003e-06,50,0.8844109195402299,0.5395833333333333,1.15625 
9.1e-05,1e-05,200,0.8894396551724139,0.5333333333333333,1.1458333333333335 
7.3e-05,2.7999999999999997e-07,200,0.9183189655172412,0.5354166666666667,1.1666666666666665 
9.1e-05,1.9e-05,50,0.8364942528735633,0.41250000000000003,1.0145833333333334 
9.1e-05,2.8000000000000003e-05,50,0.8364942528735633,0.41458333333333336,1.0145833333333334 
5.5e-05,2.8000000000000003e-06,200,0.9284482758620689,0.54375,1.16875 
9.1e-05,1e-05,100,0.931860632183908,0.5333333333333334,1.1479166666666667 
9.1e-05,1.9e-05,100,0.8017241379310345,0.41250000000000003,1.0104166666666665 
9.1e-05,2.8000000000000003e-05,100,0.8017241379310345,0.41250000000000003,1.0125 
5.5e-05,3.7e-06,200,0.9201149425287356,0.5208333333333333,1.1395833333333334 
7.3e-05,2.7999999999999997e-07,50,0.9195402298850575,0.5479166666666667,1.1666666666666667 
7.3e-05,3.7e-07,50,0.900323275862069,0.5333333333333333,1.1604166666666667 
4.6e-05,3.7e-05,100,0.8393318965517242,0.4125,1.00625 
7.3e-05,2.7999999999999997e-07,100,0.9010775862068966,0.5291666666666667,1.1416666666666666 
9.1e-05,3.7e-05,50,0.8375359195402299,0.41250000000000003,1.0145833333333334 
9.1e-05,1.9e-05,200,0.8015445402298851,0.41250000000000003,1.0125 
5.5e-05,3.7e-06,100,0.9381106321839081,0.5375000000000001,1.1645833333333333 
4.6e-05,3.7e-05,50,0.8382902298850574,0.4104166666666667,1.0104166666666665 
5.5e-05,2.8000000000000003e-06,100,0.9174568965517242,0.5375,1.1625 
5.5e-05,3.7e-06,50,0.9382902298850575,0.5770833333333334,1.2041666666666666 
9.1e-05,3.7e-05,100,0.8017241379310345,0.4145833333333333,1.0145833333333334 
5.5e-05,1.9e-06,100,0.9354525862068965,0.5520833333333334,1.1875 
9.1e-05,2.8000000000000003e-05,200,0.8017241379310345,0.41250000000000003,1.0125 
7.3e-05,3.7e-07,100,0.9510775862068965,0.5625,1.2125 
7.3e-05,3.7e-07,200,0.9076149425287356,0.5354166666666667,1.1666666666666665 
9.1e-05,3.7e-05,200,0.8015445402298851,0.41250000000000003,1.0125 
4.6e-05,3.7e-05,200,0.8393318965517242,0.4125,1.0083333333333333 
7.3e-05,4.6e-07,50,0.8943606321839082,0.5458333333333333,1.1895833333333332 
4.6e-05,4.6e-05,50,0.8382902298850574,0.4104166666666667,1.0083333333333333 
4.6e-05,5.5e-05,100,0.8382902298850574,0.4125,1.0083333333333333 
4.6e-05,4.6e-05,100,0.8382902298850574,0.4125,1.00625 
5.5e-05,4.6e-06,50,0.931573275862069,0.5354166666666667,1.15625 
4.6e-05,5.5e-05,50,0.8382902298850574,0.4104166666666667,1.0104166666666665 
5.5e-05,4.6e-06,100,0.9239942528735632,0.5333333333333333,1.1583333333333332 
4.6e-05,5.5e-05,200,0.8382902298850574,0.4125,1.0083333333333333 
4.6e-05,4.6e-05,200,0.8382902298850574,0.41250000000000003,1.0083333333333333 
4.6e-05,6.4e-05,50,0.8382902298850574,0.4104166666666667,1.0104166666666665 
5.5e-05,4.6e-06,200,0.9195402298850575,0.5437500000000001,1.1666666666666667 
7.3e-05,4.6e-07,100,0.8859195402298851,0.51875,1.1166666666666667 
5.5e-05,5.5e-06,100,0.9175646551724138,0.5375000000000001,1.1583333333333334 
9.1e-05,4.6e-05,50,0.8375359195402299,0.41250000000000003,1.0145833333333334 
7.3e-05,4.6e-07,200,0.9033405172413793,0.5354166666666667,1.16875 
5.5e-05,5.5e-06,50,0.9057112068965517,0.5562500000000001,1.1895833333333334 
9.1e-05,5.5e-05,50,0.8375359195402299,0.4104166666666667,1.0083333333333333 
7.3e-05,5.5e-07,200,0.9033405172413793,0.5354166666666667,1.16875 
5.5e-05,5.5e-06,200,0.8862068965517242,0.5166666666666667,1.1062500000000002 
7.3e-05,5.5e-07,100,0.8914152298850575,0.5666666666666667,1.2 
4.6e-05,6.4e-05,200,0.8403735632183909,0.4125,1.0083333333333333 
7.3e-05,5.5e-07,50,0.9430316091954023,0.5645833333333333,1.1791666666666667 
5.5e-05,6.4000000000000006e-06,50,0.9146192528735633,0.5354166666666667,1.1416666666666666 
9.1e-05,5.5e-05,200,0.8289152298850575,0.4125,1.0145833333333334 
9.1e-05,4.6e-05,200,0.8015445402298851,0.41250000000000003,1.0145833333333334 
4.6e-05,6.4e-05,100,0.8382902298850574,0.4104166666666667,1.00625 
9.1e-05,4.6e-05,100,0.8027658045977011,0.41250000000000003,1.0145833333333334 
7.3e-05,6.4e-07,200,0.9085488505747127,0.5395833333333333,1.1791666666666667 
4.6e-05,7.3e-05,50,0.8382902298850574,0.4104166666666667,1.0083333333333333 
9.1e-05,6.4e-05,50,0.8385775862068966,0.4104166666666667,1.0125 
5.5e-05,6.4000000000000006e-06,100,0.9164152298850574,0.5583333333333333,1.1895833333333332 
9.1e-05,5.5e-05,100,0.8017241379310345,0.41250000000000003,1.0145833333333334 
9.1e-05,7.3e-05,100,0.8017241379310345,0.41250000000000003,1.0145833333333334 
7.3e-05,7.3e-07,50,0.9065732758620689,0.5375,1.15625 
7.3e-05,6.4e-07,100,0.9008979885057471,0.5333333333333333,1.1770833333333333 
5.5e-05,7.3e-06,50,0.9116738505747127,0.55,1.1854166666666668 
7.3e-05,6.4e-07,50,0.897485632183908,0.53125,1.14375 
9.1e-05,6.4e-05,100,0.8017241379310345,0.41250000000000003,1.0145833333333334 
5.5e-05,7.3e-06,100,0.92816091954023,0.55,1.1833333333333331 
5.5e-05,7.3e-06,200,0.9268318965517242,0.5541666666666667,1.18125 
9.1e-05,6.4e-05,200,0.8385775862068966,0.4125,1.0125 
4.6e-05,7.3e-05,100,0.8382902298850574,0.4104166666666667,1.0083333333333333 
5.5e-05,6.4000000000000006e-06,200,0.9055316091954022,0.5520833333333333,1.2 
9.1e-05,7.3e-05,200,0.8385775862068966,0.4125,1.0125 
7.3e-05,7.3e-07,200,0.9183189655172415,0.5625,1.1895833333333332 
9.1e-05,7.3e-05,50,0.8385775862068966,0.4125,1.0125 
7.3e-05,7.3e-07,100,0.8864942528735633,0.5104166666666667,1.11875 
4.6e-05,7.3e-05,200,0.8382902298850574,0.4104166666666667,1.0104166666666665 
7.3e-05,8.2e-07,50,0.9175646551724138,0.5375,1.1541666666666668 
4.6e-05,8.2e-05,50,0.8382902298850574,0.4104166666666667,1.0083333333333333 
5.5e-05,8.200000000000001e-06,100,0.9205818965517241,0.5416666666666666,1.16875 
4.6e-05,8.2e-05,200,0.8393318965517242,0.4104166666666667,1.0083333333333333 
4.6e-05,8.2e-05,100,0.8382902298850574,0.4125,1.0083333333333333 
4.6e-05,9.1e-05,100,0.8382902298850574,0.4104166666666667,1.0083333333333333 
5.5e-05,9.100000000000001e-06,50,0.9617816091954023,0.58125,1.2166666666666668 
4.6e-05,1e-07,50,0.9083692528735632,0.5333333333333333,1.1416666666666666 
5.5e-05,8.200000000000001e-06,50,0.9112068965517242,0.5333333333333333,1.15 
4.6e-05,9.1e-05,50,0.8382902298850574,0.4104166666666667,1.0083333333333333 
4.6e-05,9.1e-05,200,0.8393318965517242,0.4104166666666667,1.0083333333333333 
7.3e-05,8.2e-07,200,0.9073275862068966,0.5333333333333333,1.1520833333333333 
5.5e-05,8.200000000000001e-06,200,0.9171695402298851,0.54375,1.1791666666666667 
5.5e-05,9.100000000000001e-06,100,0.9177442528735633,0.53125,1.1458333333333335 
7.3e-05,9.1e-07,100,0.9417025862068966,0.5645833333333333,1.19375 
9.1e-05,8.2e-05,200,0.8015445402298851,0.4125,1.0125 
4.6e-05,1e-07,100,0.9193606321839081,0.53125,1.1541666666666668 
7.3e-05,8.2e-07,100,0.8956896551724138,0.5083333333333333,1.1124999999999998 
9.1e-05,9.1e-05,50,0.8375359195402299,0.4125,1.0125 
4.6e-05,1.8999999999999998e-07,50,0.9094109195402299,0.53125,1.1416666666666666 
7.3e-05,1e-06,50,0.9172772988505746,0.5333333333333333,1.1479166666666667 
6.4e-05,1e-05,50,0.9076149425287356,0.5375000000000001,1.1666666666666667 
9.1e-05,8.2e-05,100,0.8017241379310345,0.4125,1.0145833333333334 
7.3e-05,9.1e-07,200,0.9381106321839081,0.5541666666666667,1.21875 
9.1e-05,9.1e-05,100,0.8015445402298851,0.4125,1.0125 
7.3e-05,9.1e-07,50,0.9117816091954023,0.5541666666666667,1.1895833333333332 
6.4e-05,1e-05,200,0.8922772988505747,0.5229166666666667,1.1270833333333332 
4.6e-05,1e-07,200,0.92191091954023,0.5416666666666666,1.1645833333333333 
9.1e-05,9.1e-05,200,0.813757183908046,0.4125,1.0125 
7.3e-05,1e-06,100,0.9427442528735632,0.5666666666666667,1.1958333333333333 
9.1e-05,1e-07,50,0.9261853448275862,0.5458333333333333,1.1708333333333334 
7.3e-05,1e-06,200,0.9128232758620689,0.5208333333333334,1.11875 
7.3e-05,1.9e-06,50,0.944360632183908,0.5416666666666666,1.1645833333333333 
6.4e-05,1.9e-05,50,0.8717313218390804,0.4125,1.0104166666666665 
4.6e-05,1.8999999999999998e-07,100,0.925323275862069,0.5375000000000001,1.1645833333333333 
6.4e-05,1e-05,100,0.9271192528735632,0.5625,1.1833333333333333 
9.1e-05,1e-07,200,0.9297772988505748,0.5562499999999999,1.1979166666666665 
6.4e-05,1.9e-05,100,0.8382902298850574,0.4125,1.0104166666666665 
9.1e-05,1.8999999999999998e-07,50,0.9422772988505748,0.5875,1.2666666666666666 
5.5e-05,9.100000000000001e-06,200,0.9388649425287356,0.5562499999999999,1.1749999999999998 
9.1e-05,1e-07,100,0.9247485632183909,0.5583333333333333,1.1854166666666668 
9.1e-05,1.8999999999999998e-07,100,0.9268318965517242,0.5583333333333333,1.1854166666666668 
9.1e-05,1.8999999999999998e-07,200,0.9417025862068966,0.55,1.19375 
7.3e-05,1.9e-06,200,0.9245689655172413,0.5479166666666667,1.1687500000000002 
7.3e-05,1.9e-06,100,0.9458692528735633,0.56875,1.2020833333333334 
6.4e-05,1.9e-05,200,0.8706896551724138,0.4125,1.00625 
9.1e-05,8.2e-05,50,0.8385775862068966,0.41458333333333336,1.0125 
4.6e-05,1.8999999999999998e-07,200,0.9229525862068966,0.5333333333333333,1.15625 
7.3e-05,2.8000000000000003e-06,50,0.9229525862068966,0.5375,1.15625 
6.4e-05,2.8000000000000003e-05,50,0.8717313218390804,0.4125,1.0083333333333333 
4.6e-05,2.7999999999999997e-07,50,0.8946479885057471,0.5229166666666667,1.1291666666666667 
4.6e-05,2.7999999999999997e-07,100,0.9214439655172413,0.5229166666666667,1.13125 
4.6e-05,3.7e-07,50,0.9031609195402299,0.51875,1.1333333333333333 
4.6e-05,3.7e-07,100,0.9204022988505747,0.5458333333333333,1.1479166666666667 
4.6e-05,3.7e-07,200,0.9070402298850575,0.5333333333333333,1.1416666666666666 
4.6e-05,2.7999999999999997e-07,200,0.9107399425287357,0.5270833333333333,1.1291666666666667 
6.4e-05,2.8000000000000003e-05,100,0.8403735632183909,0.4104166666666667,1.0083333333333333 
6.4e-05,2.8000000000000003e-05,200,0.8706896551724138,0.4125,1.0083333333333333 
6.4e-05,3.7e-05,50,0.8620689655172413,0.4125,1.0083333333333333 
4.6e-05,4.6e-07,50,0.9135775862068967,0.5291666666666667,1.1375000000000002 
7.3e-05,2.8000000000000003e-06,100,0.9169899425287356,0.5375,1.1479166666666667 
7.3e-05,3.7e-06,100,0.9037356321839081,0.5333333333333333,1.1645833333333333 
7.3e-05,2.8000000000000003e-06,200,0.9399066091954023,0.5625,1.2270833333333333 
9.1e-05,2.7999999999999997e-07,50,0.9290229885057472,0.5416666666666667,1.16875 
6.4e-05,3.7e-05,100,0.8393318965517242,0.4125,1.0083333333333333 
9.1e-05,3.7e-07,50,0.9113146551724138,0.5458333333333334,1.1729166666666666 
9.1e-05,2.7999999999999997e-07,200,1.0071479885057473,0.5729166666666666,1.2729166666666667 
4.6e-05,5.5e-07,50,0.922198275862069,0.5354166666666667,1.1604166666666667 
4.6e-05,4.6e-07,200,0.9059985632183909,0.53125,1.1395833333333334 
6.4e-05,4.6e-05,100,0.8403735632183909,0.4125,1.0083333333333333 
7.3e-05,3.7e-06,50,0.994324712643678,0.7145833333333333,1.4541666666666666 
7.3e-05,4.6e-06,200,0.8774066091954023,0.5416666666666666,1.1541666666666668 
4.6e-05,4.6e-07,100,0.9183189655172412,0.5333333333333333,1.1520833333333333 
7.3e-05,4.6e-06,100,0.881860632183908,0.5166666666666667,1.13125 
9.1e-05,2.7999999999999997e-07,100,0.9415229885057471,0.58125,1.2708333333333335 
9.1e-05,4.6e-07,100,0.9261853448275862,0.61875,1.2937500000000002 
7.3e-05,5.5e-06,50,0.9083692528735632,0.5291666666666667,1.1375 
7.3e-05,4.6e-06,50,0.9112068965517242,0.5312500000000001,1.1500000000000001 
7.3e-05,3.7e-06,200,0.9141522988505746,0.5395833333333333,1.1520833333333331 
9.1e-05,3.7e-07,100,0.9237068965517241,0.5770833333333334,1.2229166666666669 
9.1e-05,3.7e-07,200,0.9456896551724138,0.5395833333333333,1.1854166666666666 
9.1e-05,4.6e-07,200,0.9154813218390805,0.50625,1.1208333333333333 
6.4e-05,5.5e-05,100,0.8403735632183909,0.4125,1.0083333333333333 
9.1e-05,5.5e-07,50,0.9217313218390805,0.5333333333333333,1.13125 
6.4e-05,4.6e-05,50,0.8610272988505747,0.41250000000000003,1.0083333333333333 
9.1e-05,5.5e-07,100,0.9237068965517241,0.5541666666666667,1.1812500000000001 
6.4e-05,3.7e-05,200,0.8706896551724138,0.4125,1.00625 
6.4e-05,5.5e-05,200,0.8706896551724138,0.4104166666666667,1.00625 
6.4e-05,5.5e-05,50,0.8599856321839081,0.4125,1.0104166666666665 
4.6e-05,5.5e-07,100,0.909698275862069,0.5416666666666666,1.1645833333333333 
7.3e-05,5.5e-06,100,0.9183189655172412,0.5208333333333333,1.1395833333333334 
9.1e-05,4.6e-07,50,0.9208692528735632,0.5583333333333333,1.1979166666666665 
6.4e-05,4.6e-05,200,0.8706896551724138,0.4125,1.00625 
7.3e-05,5.5e-06,200,0.9180316091954023,0.53125,1.18125 
9.1e-05,5.5e-07,200,0.9081896551724139,0.5541666666666667,1.24375 
4.6e-05,5.5e-07,200,0.9077945402298851,0.5458333333333334,1.1604166666666669 
7.3e-05,6.4000000000000006e-06,50,0.9241738505747127,0.5625,1.2104166666666667 
6.4e-05,6.4e-05,50,0.8599856321839081,0.4104166666666667,1.0083333333333333 
4.6e-05,6.4e-07,100,0.9341235632183909,0.5583333333333333,1.1958333333333333 
4.6e-05,6.4e-07,200,0.8899066091954022,0.5229166666666667,1.1145833333333335 
4.6e-05,6.4e-07,50,0.9427442528735632,0.5604166666666667,1.1958333333333333 
4.6e-05,7.3e-07,50,0.9042025862068965,0.5416666666666667,1.15 
4.6e-05,7.3e-07,200,0.9046695402298851,0.5375000000000001,1.1541666666666668 
4.6e-05,7.3e-07,100,0.9245689655172413,0.5270833333333333,1.1375000000000002 
6.4e-05,6.4e-05,100,0.8393318965517242,0.4125,1.0083333333333333 
6.4e-05,6.4e-05,200,0.8706896551724138,0.4125,1.00625 
7.3e-05,7.3e-06,50,0.9204022988505747,0.5354166666666667,1.1520833333333331 
6.4e-05,7.3e-05,50,0.8599856321839081,0.4104166666666667,1.0083333333333333 
7.3e-05,6.4000000000000006e-06,100,0.9007902298850574,0.5375,1.1645833333333333 
9.1e-05,6.4e-07,50,0.9168103448275863,0.5333333333333333,1.1729166666666666 
9.1e-05,6.4e-07,200,0.9982399425287356,0.5770833333333333,1.2895833333333333 
9.1e-05,6.4e-07,100,0.9237068965517241,0.5916666666666667,1.2583333333333333 
4.6e-05,8.2e-07,50,0.9010775862068965,0.5125000000000001,1.1145833333333335 
6.4e-05,7.3e-05,100,0.8393318965517242,0.4125,1.0083333333333333 
7.3e-05,8.200000000000001e-06,50,0.9292025862068966,0.5458333333333334,1.1770833333333335 
7.3e-05,7.3e-06,200,0.8979525862068964,0.5125000000000001,1.1270833333333334 
7.3e-05,6.4000000000000006e-06,200,0.9269396551724137,0.55,1.1687500000000002 
9.1e-05,7.3e-07,50,0.9211566091954023,0.5479166666666666,1.2 
4.6e-05,8.2e-07,100,0.9818606321839081,0.5979166666666667,1.2395833333333335 
9.1e-05,7.3e-07,200,0.9568606321839079,0.5520833333333333,1.1895833333333332 
4.6e-05,9.1e-07,50,0.8989942528735633,0.53125,1.14375 
4.6e-05,8.2e-07,200,0.9091235632183909,0.5333333333333333,1.1458333333333335 
7.3e-05,8.200000000000001e-06,200,0.9297772988505748,0.5395833333333333,1.1791666666666667 
7.3e-05,8.200000000000001e-06,100,0.9138649425287355,0.5333333333333333,1.1375000000000002 
9.1e-05,7.3e-07,100,0.9278735632183908,0.58125,1.2374999999999998 
6.4e-05,7.3e-05,200,0.8717313218390804,0.4125,1.00625 
6.4e-05,9.1e-05,50,0.8706896551724138,0.4125,1.0104166666666665 
7.3e-05,7.3e-06,100,0.9083692528735633,0.5229166666666667,1.1270833333333334 
7.3e-05,9.100000000000001e-06,50,0.9119612068965517,0.5416666666666666,1.16875 
6.4e-05,9.1e-05,100,0.8382902298850574,0.4125,1.0083333333333333 
6.4e-05,8.2e-05,50,0.8706896551724138,0.4125,1.0104166666666665 
9.1e-05,8.2e-07,200,0.9488146551724138,0.55,1.16875 
6.4e-05,8.2e-05,200,0.8631106321839079,0.4125,1.0125 
9.1e-05,9.1e-07,50,0.9612068965517242,0.5895833333333333,1.25 
6.4e-05,9.1e-05,200,0.8382902298850574,0.4125,1.0125 
9.1e-05,8.2e-07,50,0.927873563218391,0.5395833333333333,1.1833333333333336 
4.6e-05,9.1e-07,100,0.9195402298850575,0.5458333333333334,1.1791666666666667 
6.4e-05,8.2e-05,100,0.8382902298850574,0.4125,1.0083333333333333 
7.3e-05,9.100000000000001e-06,100,0.9198275862068965,0.5395833333333333,1.15 
9.1e-05,8.2e-07,100,0.9375359195402299,0.5583333333333333,1.225 
9.1e-05,9.1e-07,100,0.9364942528735631,0.575,1.2208333333333332 
7.3e-05,9.100000000000001e-06,200,0.9044899425287356,0.5354166666666667,1.1375 
4.6e-05,9.1e-07,200,0.9101652298850575,0.5333333333333333,1.1479166666666667 
9.1e-05,9.1e-07,200,0.912248563218391,0.5520833333333334,1.1979166666666665 
8.2e-05,1e-05,50,0.9500359195402299,0.56875,1.2104166666666667 
6.4e-05,1e-07,50,0.9117816091954023,0.525,1.11875 
4.6e-05,1e-06,50,0.9292025862068964,0.54375,1.1687499999999997 
4.6e-05,1.9e-06,50,0.8939655172413793,0.5333333333333333,1.15 
4.6e-05,1e-06,100,0.9250359195402299,0.56875,1.1958333333333333 
4.6e-05,1e-06,200,0.9101652298850575,0.5333333333333333,1.1479166666666667 
6.4e-05,1e-07,100,0.913110632183908,0.5333333333333333,1.1458333333333335 
4.6e-05,1.9e-06,200,0.9335488505747126,0.5729166666666666,1.2291666666666665 
6.4e-05,1e-07,200,0.9436063218390806,0.5604166666666667,1.1708333333333334 
8.2e-05,1e-05,100,0.9394396551724139,0.5333333333333333,1.1458333333333333 
4.6e-05,1.9e-06,100,0.9208692528735632,0.5291666666666667,1.1520833333333333 
6.4e-05,1.8999999999999998e-07,100,0.9033405172413793,0.54375,1.16875 
9.1e-05,1e-06,100,0.9375359195402299,0.6208333333333333,1.30625 
6.4e-05,1.8999999999999998e-07,50,0.9099856321839079,0.51875,1.1229166666666668 
9.1e-05,1e-06,200,0.9219109195402299,0.625,1.3270833333333334 
8.2e-05,1.9e-05,100,0.8364942528735633,0.41250000000000003,1.0145833333333334 
8.2e-05,1.9e-05,200,0.8364942528735633,0.41458333333333336,1.0145833333333334 
9.1e-05,1.9e-06,100,0.9151939655172414,0.5416666666666667,1.1895833333333334 
4.6e-05,2.8000000000000003e-06,50,0.934698275862069,0.5395833333333333,1.1625 
8.2e-05,1e-05,200,0.9321479885057472,0.5625,1.18125 
6.4e-05,2.7999999999999997e-07,50,0.9039152298850575,0.6,1.2541666666666667 
8.2e-05,2.8000000000000003e-05,50,0.8362068965517242,0.41250000000000003,1.0145833333333334 
9.1e-05,1e-06,50,0.9256106321839079,0.5770833333333334,1.2291666666666667 
8.2e-05,3.7e-05,50,0.8362068965517242,0.41250000000000003,1.0145833333333334 
8.2e-05,1.9e-05,50,0.8362068965517242,0.41250000000000003,1.0145833333333334 
9.1e-05,1.9e-06,50,0.9049568965517241,0.5645833333333333,1.21875 
4.6e-05,3.7e-06,50,0.9198275862068965,0.54375,1.1520833333333331 
6.4e-05,3.7e-07,50,0.9076149425287356,0.5333333333333333,1.125 
6.4e-05,2.7999999999999997e-07,100,0.9205818965517243,0.5375000000000001,1.1687500000000002 
4.6e-05,2.8000000000000003e-06,100,0.922198275862069,0.5354166666666667,1.15625 
8.2e-05,2.8000000000000003e-05,100,0.8364942528735633,0.41250000000000003,1.0145833333333334 
6.4e-05,2.7999999999999997e-07,200,0.914044540229885,0.5625,1.1958333333333333 
4.6e-05,2.8000000000000003e-06,200,0.9143318965517242,0.5354166666666667,1.15625 
9.1e-05,2.8000000000000003e-06,100,0.9169899425287356,0.54375,1.1604166666666667 
6.4e-05,1.8999999999999998e-07,200,0.9456896551724138,0.5604166666666667,1.1708333333333334 
8.2e-05,2.8000000000000003e-05,200,0.8364942528735633,0.41250000000000003,1.0145833333333334 
9.1e-05,2.8000000000000003e-06,200,0.9373563218390805,0.5520833333333334,1.1958333333333333 
6.4e-05,3.7e-07,100,0.8914152298850575,0.5208333333333333,1.1437499999999998 
9.1e-05,1.9e-06,200,0.9354525862068965,0.5520833333333334,1.18125 
4.6e-05,3.7e-06,100,0.931860632183908,0.54375,1.1666666666666665 
8.2e-05,3.7e-05,100,0.8364942528735633,0.4125,1.0145833333333334 
9.1e-05,3.7e-06,50,0.9326149425287356,0.575,1.2395833333333333 
9.1e-05,2.8000000000000003e-06,50,0.9383979885057471,0.5604166666666667,1.2020833333333334 
6.4e-05,3.7e-07,200,0.9237068965517241,0.5625,1.175 
9.1e-05,3.7e-06,100,0.9357399425287356,0.5833333333333334,1.2583333333333333 
8.2e-05,3.7e-05,200,0.8364942528735633,0.4104166666666667,1.0145833333333334 
4.6e-05,3.7e-06,200,0.8914152298850575,0.54375,1.1541666666666668 
9.1e-05,3.7e-06,200,0.9102729885057471,0.5395833333333334,1.1770833333333335 
8.2e-05,4.6e-05,50,0.8351652298850574,0.4125,1.0166666666666666 
4.6e-05,4.6e-06,50,0.9146192528735633,0.5291666666666667,1.1437499999999998 
6.4e-05,4.6e-07,50,0.903448275862069,0.5395833333333333,1.1895833333333332 
4.6e-05,4.6e-06,100,0.9294899425287357,0.55,1.18125 
4.6e-05,4.6e-06,200,0.903448275862069,0.5416666666666666,1.1666666666666665 
6.4e-05,4.6e-07,100,0.8914152298850575,0.5166666666666667,1.1270833333333332 
6.4e-05,4.6e-07,200,0.9247485632183909,0.5625,1.1770833333333335 
4.6e-05,5.5e-06,50,0.9260775862068966,0.5291666666666667,1.1625 
4.6e-05,5.5e-06,100,0.9232399425287356,0.5375000000000001,1.1541666666666668 
8.2e-05,4.6e-05,100,0.8375359195402299,0.4125,1.0145833333333334 
9.1e-05,4.6e-06,50,0.9636853448275862,0.5479166666666666,1.16875 
4.6e-05,5.5e-06,200,0.9076149425287356,0.54375,1.1645833333333333 
6.4e-05,5.5e-07,100,0.8942528735632184,0.5520833333333334,1.16875 
8.2e-05,5.5e-05,100,0.8375359195402299,0.4125,1.0145833333333334 
6.4e-05,5.5e-07,50,0.9269396551724138,0.53125,1.1458333333333335 
8.2e-05,5.5e-05,50,0.8362068965517242,0.41458333333333336,1.0145833333333334 
4.6e-05,6.4000000000000006e-06,50,0.9086566091954023,0.5291666666666667,1.1458333333333335 
8.2e-05,6.4e-05,50,0.8362068965517242,0.41458333333333336,1.0145833333333334 
8.2e-05,6.4e-05,100,0.8375359195402299,0.4125,1.0145833333333334 
8.2e-05,4.6e-05,200,0.8364942528735633,0.4125,1.0145833333333334 
9.1e-05,4.6e-06,100,0.9141522988505748,0.5416666666666667,1.1666666666666667 
6.4e-05,5.5e-07,200,0.8797772988505748,0.5416666666666667,1.1666666666666667 
6.4e-05,6.4e-07,50,0.894073275862069,0.5416666666666666,1.1666666666666667 
9.1e-05,4.6e-06,200,0.9620689655172414,0.5499999999999999,1.2 
9.1e-05,5.5e-06,100,0.9193606321839081,0.5333333333333333,1.1270833333333332 
9.1e-05,5.5e-06,50,0.9250359195402299,0.5625,1.225 
6.4e-05,6.4e-07,100,0.8942528735632184,0.55,1.1625 
6.4e-05,7.3e-07,50,0.8961566091954023,0.5291666666666667,1.1354166666666667 
8.2e-05,6.4e-05,200,0.8372485632183908,0.4125,1.0145833333333334 
6.4e-05,6.4e-07,200,0.9040229885057471,0.525,1.1291666666666667 
9.1e-05,5.5e-06,200,0.9217313218390805,0.525,1.1708333333333334 
8.2e-05,7.3e-05,50,0.8362068965517242,0.41458333333333336,1.0145833333333334 
4.6e-05,7.3e-06,50,0.92816091954023,0.5416666666666667,1.1666666666666667 
4.6e-05,6.4000000000000006e-06,100,0.9201149425287356,0.54375,1.1541666666666668 
6.4e-05,7.3e-07,100,0.9098778735632184,0.55,1.1666666666666667 
9.1e-05,7.3e-06,50,0.9388649425287356,0.5458333333333334,1.1708333333333334 
9.1e-05,6.4000000000000006e-06,200,0.9245689655172413,0.5416666666666666,1.1604166666666669 
4.6e-05,7.3e-06,100,0.9344109195402299,0.55,1.1791666666666667 
9.1e-05,6.4000000000000006e-06,100,0.9281609195402298,0.5666666666666667,1.2020833333333334 
6.4e-05,7.3e-07,200,0.9183189655172415,0.5208333333333334,1.1166666666666667 
9.1e-05,6.4000000000000006e-06,50,0.9419899425287357,0.5395833333333333,1.18125 
4.6e-05,6.4000000000000006e-06,200,0.9184985632183909,0.5395833333333333,1.1645833333333333 
9.1e-05,7.3e-06,100,0.9281609195402298,0.55,1.1666666666666665 
8.2e-05,7.3e-05,100,0.8382902298850574,0.4104166666666667,1.0145833333333334 
8.2e-05,5.5e-05,200,0.8362068965517242,0.41250000000000003,1.0145833333333334 
8.2e-05,7.3e-05,200,0.8372485632183908,0.4125,1.0145833333333334 
4.6e-05,7.3e-06,200,0.9326149425287357,0.5416666666666667,1.1583333333333334 
9.1e-05,7.3e-06,200,0.9305316091954023,0.5437500000000001,1.1708333333333334 
8.2e-05,8.2e-05,50,0.8362068965517242,0.4125,1.0145833333333334 
4.6e-05,8.200000000000001e-06,50,0.9070402298850575,0.5270833333333333,1.1416666666666666 
6.4e-05,8.2e-07,50,0.9104525862068966,0.54375,1.1520833333333333 
4.6e-05,8.200000000000001e-06,100,0.928735632183908,0.53125,1.1458333333333335 
6.4e-05,8.2e-07,100,0.9179238505747126,0.5645833333333333,1.1979166666666665 
4.6e-05,9.100000000000001e-06,100,0.9151939655172414,0.5333333333333333,1.1541666666666666 
6.4e-05,8.2e-07,200,0.9172772988505746,0.5208333333333334,1.11875 
4.6e-05,9.100000000000001e-06,50,0.9073275862068966,0.53125,1.1479166666666667 
6.4e-05,9.1e-07,50,0.9114942528735632,0.5520833333333334,1.1625 
9.1e-05,8.200000000000001e-06,50,0.9401939655172413,0.5666666666666667,1.1916666666666667 
8.2e-05,8.2e-05,100,0.8382902298850574,0.41250000000000003,1.0145833333333334 
4.6e-05,9.100000000000001e-06,200,0.9091235632183909,0.5270833333333333,1.1458333333333335 
8.2e-05,8.2e-05,200,0.8372485632183908,0.4166666666666667,1.0145833333333334 
8.2e-05,9.1e-05,50,0.8362068965517242,0.4125,1.0145833333333334 
8.2e-05,9.1e-05,100,0.8393318965517242,0.4104166666666667,1.0145833333333334 
8.2e-05,9.1e-05,200,0.8382902298850574,0.4125,1.0145833333333334 
6.4e-05,9.1e-07,100,0.9141522988505746,0.55625,1.18125 
9.1e-05,8.200000000000001e-06,100,0.9143318965517242,0.5354166666666667,1.15625 
4.6e-05,8.200000000000001e-06,200,0.9167025862068965,0.5354166666666667,1.1437499999999998 
9.1e-05,8.200000000000001e-06,200,0.9104525862068966,0.5354166666666667,1.1625 
6.4e-05,9.1e-07,200,0.9172772988505746,0.51875,1.1166666666666667 
9.1e-05,9.100000000000001e-06,100,0.9276939655172414,0.5458333333333334,1.1708333333333334 
9.1e-05,9.100000000000001e-06,50,0.9579022988505748,0.5354166666666667,1.1916666666666669 
9.1e-05,9.100000000000001e-06,200,0.9092313218390805,0.5333333333333333,1.1458333333333335 
