0.00045,4.24e-07,50,0.9623563218390805,0.56875,1.2166666666666668 
6.4e-05,3.1599999999999997e-07,50,0.9146192528735633,0.5333333333333334,1.1395833333333334 
6.4e-05,1.36e-07,50,0.9024066091954023,0.5145833333333333,1.1145833333333333 
0.0001,3.16e-06,50,0.9217313218390805,0.5604166666666667,1.2 
6.4e-05,1.72e-07,50,0.8971982758620689,0.5354166666666667,1.1333333333333333 
6.4e-05,3.52e-07,50,0.8808189655172414,0.5229166666666667,1.1395833333333334 
0.0001,3.88e-07,50,0.9042025862068965,0.5375,1.1520833333333333 
6.4e-05,1e-07,50,0.9117816091954023,0.525,1.11875 
6.4e-05,2.0799999999999998e-07,50,0.9089439655172413,0.5229166666666667,1.1395833333333334 
0.0001,1.36e-07,50,0.90941091954023,0.53125,1.1604166666666667 
0.00045,3.52e-07,50,0.9550646551724139,0.5625,1.2166666666666668 
6.4e-05,2.8e-06,50,0.9175646551724138,0.5291666666666666,1.1416666666666666 
0.0001,2.44e-07,50,0.916235632183908,0.55,1.1604166666666667 
0.0001,4.24e-07,50,0.9021192528735633,0.5354166666666667,1.14375 
0.001,3.16e-06,50,0.931573275862069,0.5583333333333333,1.16875 
0.00045,3.1599999999999997e-07,50,0.9186781609195402,0.58125,1.2645833333333334 
6.4e-05,3.88e-07,50,0.8901939655172413,0.5229166666666667,1.1375000000000002 
0.00045,3.16e-06,50,0.9193606321839081,0.5354166666666667,1.19375 
0.001,2.44e-07,50,0.9857399425287356,0.6020833333333333,1.28125 
0.0001,2.7999999999999997e-07,50,0.9133979885057472,0.5708333333333333,1.2145833333333333 
0.001,1.36e-07,50,0.9800646551724138,0.6041666666666667,1.2750000000000001 
0.00045,2.44e-07,50,0.9432112068965517,0.6083333333333334,1.2979166666666666 
0.0001,1e-07,50,0.9133979885057472,0.5291666666666666,1.1479166666666667 
0.001,1e-07,50,0.9494612068965517,0.6,1.2687499999999998 
0.0001,1.72e-07,50,0.9123563218390804,0.5291666666666667,1.1416666666666666 
0.00045,3.88e-07,50,0.9561063218390805,0.5666666666666667,1.2145833333333331 
0.00045,2.8e-06,50,0.9245689655172413,0.5604166666666667,1.1958333333333333 
0.0001,3.1599999999999997e-07,50,0.9021192528735632,0.53125,1.1645833333333333 
0.001,1.72e-07,50,0.9488864942528736,0.6062500000000001,1.2770833333333336 
6.4e-05,3.16e-06,50,0.9172772988505746,0.5416666666666667,1.1604166666666669 
0.00045,1e-07,50,0.9245689655172413,0.58125,1.2000000000000002 
0.00045,1.36e-07,50,0.9276939655172414,0.5770833333333334,1.2020833333333334 
0.00045,2.7999999999999997e-07,50,0.9489942528735633,0.5791666666666667,1.2666666666666666 
6.4e-05,2.44e-07,50,0.9169899425287356,0.5229166666666667,1.1270833333333332 
0.00045,2.0799999999999998e-07,50,0.9562859195402299,0.5895833333333333,1.225 
0.001,4.24e-07,50,1.0488146551724138,0.6708333333333333,1.4229166666666666 
0.001,2.8e-06,50,0.9357399425287356,0.5604166666666667,1.1979166666666665 
0.0001,3.52e-07,50,0.9436063218390806,0.5479166666666666,1.1875 
0.0001,2.8e-06,50,0.9352729885057472,0.5895833333333333,1.2333333333333334 
0.001,2.7999999999999997e-07,50,0.9964439655172415,0.6041666666666666,1.30625 
0.001,2.0799999999999998e-07,50,0.9557112068965518,0.6083333333333334,1.2791666666666668 
0.0001,2.0799999999999998e-07,50,0.9133979885057472,0.5291666666666667,1.1375 
0.001,3.1599999999999997e-07,50,0.9488864942528736,0.60625,1.2770833333333333 
0.001,3.52e-07,50,0.9489942528735633,0.60625,1.2770833333333333 
0.001,3.88e-07,50,0.9549568965517241,0.6125,1.2833333333333334 
0.00045,1.72e-07,50,0.9341235632183909,0.5833333333333334,1.2416666666666667 
6.4e-05,4.24e-07,50,0.91566091954023,0.5333333333333334,1.1416666666666668 
6.4e-05,2.7999999999999997e-07,50,0.9039152298850575,0.6,1.2541666666666667 
6.4e-05,3.5199999999999998e-06,50,0.9186063218390804,0.5395833333333333,1.1625 
0.00045,3.5199999999999998e-06,50,0.9205818965517243,0.5333333333333334,1.18125 
6.4e-05,3.88e-06,50,0.9080818965517241,0.5479166666666666,1.1708333333333334 
6.4e-05,4.6e-06,50,0.9432112068965518,0.58125,1.2312500000000002 
6.4e-05,4.96e-06,50,0.9367816091954023,0.5416666666666667,1.1666666666666667 
6.4e-05,4.24e-06,50,0.9135775862068966,0.525,1.14375 
0.0001,3.5199999999999998e-06,50,0.9120689655172414,0.55,1.1791666666666667 
0.00045,5.32e-06,50,1.002765804597701,0.6583333333333333,1.4020833333333333 
0.0001,4.96e-06,50,0.9143318965517242,0.5458333333333334,1.15625 
6.4e-05,8.2e-06,50,0.9021192528735632,0.5166666666666666,1.1145833333333333 
0.00045,4.6e-06,50,0.9138649425287356,0.58125,1.2833333333333332 
6.4e-05,5.68e-06,50,0.9247485632183907,0.5499999999999999,1.1770833333333333 
0.00045,3.88e-06,50,0.894073275862069,0.5208333333333334,1.1354166666666667 
0.00045,4.24e-06,50,0.9646192528735632,0.6145833333333334,1.3041666666666667 
6.4e-05,8.38e-06,50,0.9248563218390805,0.5479166666666667,1.1875 
0.0001,8.56e-06,50,0.8854525862068966,0.5416666666666666,1.1479166666666667 
0.00045,8.56e-06,50,0.9430316091954023,0.58125,1.3083333333333333 
0.0001,6.04e-06,50,0.9373563218390805,0.5229166666666667,1.1479166666666667 
0.00045,8.38e-06,50,1.0522988505747128,0.6895833333333333,1.4666666666666668 
0.0001,4.6e-06,50,0.9484195402298851,0.58125,1.2416666666666667 
6.4e-05,5.32e-06,50,0.931860632183908,0.5437500000000001,1.175 
0.001,3.5199999999999998e-06,50,0.9430316091954023,0.5666666666666667,1.1791666666666667 
0.001,4.6e-06,50,1.0385775862068967,0.6666666666666666,1.4 
0.00045,8.2e-06,50,0.9418821839080461,0.5729166666666667,1.2458333333333336 
0.00045,5.68e-06,50,1.0146192528735631,0.6229166666666667,1.3479166666666667 
0.001,3.88e-06,50,0.9419899425287357,0.5729166666666667,1.2041666666666666 
0.001,8.2e-06,50,0.9274066091954023,0.5520833333333334,1.1875 
6.4e-05,6.04e-06,50,0.8997485632183908,0.53125,1.1395833333333334 
0.0001,3.88e-06,50,0.9360272988505747,0.5604166666666667,1.2229166666666667 
0.0001,5.68e-06,50,0.9149066091954022,0.5291666666666667,1.15625 
0.0001,8.38e-06,50,0.9739942528735632,0.5854166666666667,1.2583333333333333 
6.4e-05,8.74e-06,50,0.9238146551724139,0.5520833333333334,1.18125 
0.0001,5.32e-06,50,0.9002155172413793,0.5416666666666666,1.1624999999999999 
0.001,5.68e-06,50,0.9440732758620689,0.5625,1.18125 
0.001,4.96e-06,50,0.9312859195402299,0.5395833333333334,1.1729166666666666 
0.001,8.38e-06,50,0.9164870689655172,0.6020833333333333,1.28125 
0.001,4.24e-06,50,0.9336566091954023,0.5625,1.1875 
0.00045,4.96e-06,50,0.9389367816091954,0.6250000000000001,1.3375 
0.001,6.04e-06,50,0.9502155172413794,0.5666666666666667,1.2625000000000002 
6.4e-05,8.56e-06,50,0.9552442528735632,0.5625,1.2208333333333332 
0.001,8.56e-06,50,0.8987068965517242,0.54375,1.15625 
0.00045,6.04e-06,50,0.9270114942528735,0.5625,1.25 
0.00045,8.74e-06,50,0.977478448275862,0.6354166666666667,1.36875 
0.0001,8.2e-06,50,0.9025862068965517,0.5833333333333334,1.2270833333333333 
0.0001,8.74e-06,50,0.9204022988505747,0.5604166666666668,1.19375 
0.001,5.32e-06,50,0.9461566091954023,0.5458333333333334,1.1875 
0.001,8.74e-06,50,0.9232399425287356,0.55625,1.2104166666666667 
0.0001,4.24e-06,50,0.9169899425287356,0.5437500000000001,1.175 
6.4e-05,8.92e-06,50,0.9052442528735632,0.5333333333333333,1.1479166666666667 
0.00045,8.92e-06,50,0.925323275862069,0.625,1.3395833333333333 
6.4e-05,9.28e-06,50,0.9238146551724138,0.5166666666666667,1.1208333333333336 
0.0001,8.92e-06,50,0.9357399425287356,0.5395833333333333,1.1749999999999998 
6.4e-05,9.640000000000001e-06,50,0.9146192528735633,0.5333333333333333,1.1604166666666669 
6.4e-05,9.460000000000001e-06,50,0.8951149425287357,0.5229166666666667,1.1145833333333335 
0.00045,9.820000000000001e-06,50,1.0567528735632186,0.7208333333333333,1.4854166666666666 
6.4e-05,9.100000000000001e-06,50,0.9083692528735632,0.525,1.1291666666666667 
0.00045,9.640000000000001e-06,50,0.9263649425287357,0.6041666666666666,1.3250000000000002 
0.00045,9.28e-06,50,0.9497485632183909,0.6270833333333333,1.3416666666666668 
6.58e-05,1.36e-07,50,0.9188936781609195,0.5270833333333333,1.14375 
0.00045,9.460000000000001e-06,50,0.9389367816091954,0.6270833333333333,1.3375 
0.0001,9.820000000000001e-06,50,0.9711566091954023,0.5541666666666667,1.2354166666666666 
6.58e-05,1.72e-07,50,0.9049568965517243,0.5375,1.14375 
6.4e-05,9.820000000000001e-06,50,0.9146192528735633,0.5416666666666666,1.1625 
0.000118,1.72e-07,50,0.9459770114942528,0.55625,1.1979166666666667 
0.0001,9.100000000000001e-06,50,0.9113864942528735,0.5645833333333333,1.2083333333333335 
0.0001,9.460000000000001e-06,50,0.9522988505747126,0.5916666666666667,1.2666666666666666 
0.0019000000000000002,1.72e-07,50,0.9100574712643679,0.5583333333333333,1.225 
0.001,9.28e-06,50,0.9624281609195402,0.5875,1.3125 
6.58e-05,1e-07,50,0.9175646551724138,0.5270833333333333,1.1479166666666667 
0.0001,9.28e-06,50,0.9480603448275862,0.5604166666666667,1.20625 
0.00045,9.100000000000001e-06,50,0.9347701149425287,0.6291666666666667,1.35 
0.000118,2.0799999999999998e-07,50,0.9480603448275863,0.5645833333333333,1.2291666666666665 
0.001,9.460000000000001e-06,50,0.9039152298850575,0.5604166666666667,1.2333333333333334 
0.0001,9.640000000000001e-06,50,0.9372485632183909,0.55625,1.2145833333333336 
0.000468,1e-07,50,0.9021192528735633,0.5770833333333333,1.2041666666666666 
0.001,9.100000000000001e-06,50,0.9757902298850574,0.6125,1.3166666666666667 
0.0019000000000000002,2.0799999999999998e-07,50,0.9000359195402299,0.5520833333333334,1.2125 
0.000468,1.36e-07,50,0.9211566091954023,0.5750000000000001,1.2020833333333334 
6.58e-05,2.44e-07,50,0.9399066091954024,0.5416666666666667,1.1729166666666668 
0.0019000000000000002,1e-07,50,0.9042025862068965,0.5583333333333333,1.21875 
0.000118,1.36e-07,50,0.9279813218390804,0.56875,1.2291666666666665 
0.001,9.640000000000001e-06,50,0.9114942528735632,0.5479166666666667,1.2416666666666667 
0.0019000000000000002,1.36e-07,50,0.9042025862068965,0.5354166666666667,1.2395833333333333 
0.000468,2.0799999999999998e-07,50,0.9021192528735633,0.5750000000000001,1.2083333333333335 
0.000468,1.72e-07,50,0.9064655172413794,0.575,1.2041666666666666 
0.001,9.820000000000001e-06,50,0.8830818965517242,0.53125,1.1791666666666667 
0.000118,1e-07,50,0.913110632183908,0.5520833333333334,1.1958333333333333 
6.58e-05,2.0799999999999998e-07,50,0.89378591954023,0.5270833333333333,1.14375 
0.000468,2.7999999999999997e-07,50,0.9042025862068965,0.5770833333333334,1.2145833333333333 
0.000118,2.44e-07,50,0.9415229885057471,0.575,1.2291666666666665 
0.001,8.92e-06,50,0.922198275862069,0.55,1.2291666666666665 
0.0019000000000000002,2.44e-07,50,0.9408405172413794,0.5479166666666667,1.2583333333333333 
0.000468,2.44e-07,50,0.9404813218390805,0.58125,1.2312500000000002 
0.0019000000000000002,2.7999999999999997e-07,50,0.9031609195402299,0.56875,1.2520833333333332 
6.58e-05,2.7999999999999997e-07,50,0.9446479885057472,0.5375,1.1479166666666667 
0.000118,2.7999999999999997e-07,50,0.9459770114942528,0.5541666666666667,1.1958333333333333 
0.000468,3.1599999999999997e-07,50,0.9144396551724138,0.5729166666666666,1.2229166666666667 
6.58e-05,3.1599999999999997e-07,50,0.8923491379310344,0.5583333333333333,1.18125 
6.58e-05,3.88e-07,50,0.8933908045977011,0.5541666666666667,1.1833333333333333 
6.58e-05,3.52e-07,50,0.8968031609195402,0.5541666666666667,1.18125 
0.000118,3.1599999999999997e-07,50,0.9561063218390805,0.5541666666666667,1.1708333333333334 
0.000468,3.52e-07,50,0.9021192528735632,0.58125,1.2125000000000001 
0.000468,4.24e-07,50,0.9440732758620689,0.5895833333333333,1.2208333333333332 
0.000468,2.8e-06,50,0.9091235632183909,0.53125,1.16875 
6.58e-05,2.8e-06,50,0.9164152298850576,0.5375000000000001,1.1604166666666669 
0.000468,3.88e-07,50,0.9461566091954023,0.5979166666666667,1.2458333333333333 
0.0019000000000000002,3.1599999999999997e-07,50,0.9069324712643678,0.5437500000000001,1.2104166666666667 
0.000118,3.52e-07,50,0.9294899425287356,0.5583333333333333,1.20625 
0.000118,4.24e-07,50,0.9320402298850576,0.5541666666666667,1.1916666666666669 
0.0019000000000000002,4.24e-07,50,0.9460488505747128,0.5708333333333334,1.2541666666666669 
0.000118,3.16e-06,50,0.9149066091954022,0.5479166666666667,1.1875 
6.58e-05,4.24e-06,50,0.898419540229885,0.5291666666666667,1.1416666666666666 
6.58e-05,4.96e-06,50,0.916235632183908,0.5375,1.1583333333333332 
0.000118,3.88e-06,50,0.9217313218390806,0.5520833333333334,1.1687500000000002 
0.000468,3.16e-06,50,0.9289152298850576,0.5333333333333333,1.1854166666666668 
6.58e-05,3.16e-06,50,0.9150862068965517,0.5458333333333334,1.175 
0.0019000000000000002,3.52e-07,50,0.9160201149425287,0.5645833333333333,1.2458333333333333 
0.0019000000000000002,3.88e-07,50,0.9343031609195402,0.5729166666666666,1.2479166666666668 
6.58e-05,3.5199999999999998e-06,50,0.9128232758620689,0.5375,1.15625 
6.58e-05,4.24e-07,50,0.9217313218390805,0.5604166666666667,1.1833333333333333 
0.000118,2.8e-06,50,0.9404813218390805,0.5583333333333333,1.2270833333333333 
0.000468,4.24e-06,50,0.9604525862068966,0.6229166666666667,1.35 
6.58e-05,3.88e-06,50,0.9186063218390805,0.53125,1.13125 
0.000468,3.5199999999999998e-06,50,0.9286278735632184,0.5499999999999999,1.2333333333333334 
0.0019000000000000002,3.16e-06,50,0.9021192528735633,0.5395833333333333,1.2 
6.58e-05,4.6e-06,50,0.9154813218390805,0.5458333333333333,1.1958333333333333 
0.0019000000000000002,2.8e-06,50,0.9311781609195402,0.5645833333333333,1.2416666666666667 
0.000118,3.88e-07,50,0.9467313218390805,0.5916666666666667,1.25625 
0.0019000000000000002,3.5199999999999998e-06,50,0.9028735632183909,0.54375,1.2291666666666667 
0.000118,3.5199999999999998e-06,50,0.9157686781609196,0.5270833333333333,1.1375000000000002 
0.0019000000000000002,4.24e-06,50,0.991882183908046,0.6166666666666667,1.38125 
0.000118,4.96e-06,50,0.9223778735632183,0.5604166666666667,1.1895833333333332 
0.000468,4.6e-06,50,0.9704741379310345,0.65625,1.3979166666666667 
0.0019000000000000002,3.88e-06,50,0.9288074712643678,0.5666666666666667,1.2666666666666666 
0.000468,4.96e-06,50,0.9111350574712643,0.5520833333333334,1.2166666666666666 
0.000118,4.24e-06,50,0.9232399425287356,0.5458333333333334,1.1854166666666668 
0.000468,3.88e-06,50,0.9595905172413793,0.5666666666666667,1.28125 
0.000118,4.6e-06,50,0.9362068965517243,0.5604166666666667,1.2000000000000002 
0.0019000000000000002,4.6e-06,50,0.8989942528735633,0.5333333333333334,1.1645833333333333 
0.0019000000000000002,5.32e-06,50,0.9362068965517243,0.55,1.2000000000000002 
0.0019000000000000002,4.96e-06,50,0.9806393678160921,0.5354166666666667,1.2354166666666666 
0.000468,5.32e-06,50,0.9561781609195403,0.59375,1.2958333333333334 
6.58e-05,5.32e-06,50,0.9135775862068967,0.6125,1.275 
0.000118,5.32e-06,50,0.9495689655172412,0.5875,1.2583333333333333 
6.58e-05,5.68e-06,50,0.922198275862069,0.5333333333333334,1.1520833333333336 
6.58e-05,6.04e-06,50,0.9245689655172413,0.5416666666666667,1.1625 
6.58e-05,8.2e-06,50,0.9042025862068965,0.5520833333333334,1.1666666666666667 
0.000468,5.68e-06,50,0.9895114942528735,0.6375000000000001,1.3583333333333334 
0.000118,5.68e-06,50,0.9495689655172412,0.56875,1.2104166666666667 
0.000468,8.38e-06,50,0.9284123563218392,0.63125,1.3395833333333333 
0.000118,6.04e-06,50,0.9612068965517242,0.6020833333333333,1.25 
6.58e-05,8.38e-06,50,0.9251436781609195,0.5520833333333334,1.1666666666666667 
0.000468,8.2e-06,50,0.9227370689655172,0.5979166666666667,1.3083333333333333 
0.0019000000000000002,6.04e-06,50,0.9077945402298851,0.5645833333333333,1.2062499999999998 
0.000468,6.04e-06,50,0.9260775862068966,0.5854166666666667,1.2916666666666667 
0.0019000000000000002,8.38e-06,50,0.9187859195402299,0.5520833333333334,1.2374999999999998 
0.000468,8.56e-06,50,0.9363864942528735,0.5958333333333333,1.28125 
0.0019000000000000002,5.68e-06,50,0.9005028735632185,0.5479166666666666,1.1979166666666665 
6.58e-05,8.56e-06,50,0.9238146551724138,0.5208333333333333,1.1333333333333333 
6.58e-05,8.92e-06,50,0.9031609195402299,0.5791666666666666,1.24375 
0.000468,9.100000000000001e-06,50,0.9923491379310345,0.6708333333333334,1.38125 
0.000118,8.2e-06,50,0.947198275862069,0.5562499999999999,1.19375 
0.000118,8.38e-06,50,0.9482399425287356,0.63125,1.3208333333333333 
0.000468,8.74e-06,50,0.8986350574712645,0.5375,1.1916666666666667 
6.58e-05,9.460000000000001e-06,50,0.9271192528735632,0.5333333333333333,1.1645833333333333 
0.0019000000000000002,8.56e-06,50,0.9080818965517241,0.5499999999999999,1.1791666666666667 
0.000118,8.56e-06,50,0.9482399425287356,0.6708333333333334,1.3791666666666669 
6.58e-05,9.100000000000001e-06,50,0.9263649425287357,0.5291666666666668,1.1458333333333335 
0.000468,9.640000000000001e-06,50,1.1010775862068964,0.7375,1.5145833333333334 
0.000118,8.74e-06,50,0.9738146551724138,0.5687500000000001,1.2291666666666665 
0.0019000000000000002,8.92e-06,50,0.9028735632183909,0.5458333333333334,1.2229166666666667 
6.58e-05,9.28e-06,50,0.9518318965517241,0.5604166666666667,1.23125 
0.0019000000000000002,8.2e-06,50,0.9083692528735632,0.54375,1.2062499999999998 
0.0019000000000000002,9.28e-06,50,0.9360991379310344,0.5437500000000001,1.2687499999999998 
0.000118,9.460000000000001e-06,50,0.9354525862068965,0.5625,1.2166666666666668 
0.000118,9.28e-06,50,0.960919540229885,0.5854166666666666,1.2666666666666666 
0.000468,8.92e-06,50,0.8984195402298851,0.5541666666666667,1.2125 
0.0019000000000000002,8.74e-06,50,0.9069324712643678,0.5458333333333334,1.2104166666666667 
6.58e-05,8.74e-06,50,0.9232399425287356,0.5354166666666667,1.1395833333333334 
0.000118,8.92e-06,50,0.9231321839080461,0.5625,1.2104166666666667 
0.000118,9.640000000000001e-06,50,0.9149066091954023,0.5479166666666666,1.1958333333333333 
0.0019000000000000002,9.100000000000001e-06,50,0.9049568965517241,0.5499999999999999,1.18125 
0.0019000000000000002,9.820000000000001e-06,50,0.904382183908046,0.5354166666666667,1.175 
0.000118,9.100000000000001e-06,50,0.9461566091954023,0.5645833333333333,1.2062499999999998 
6.58e-05,9.640000000000001e-06,50,0.9143318965517242,0.5333333333333333,1.15625 
0.000468,9.460000000000001e-06,50,0.9444324712643678,0.575,1.2854166666666667 
0.000468,9.28e-06,50,0.985919540229885,0.5958333333333334,1.33125 
6.58e-05,9.820000000000001e-06,50,0.9344109195402299,0.5645833333333334,1.1875 
0.0019000000000000002,9.640000000000001e-06,50,0.9031609195402299,0.55625,1.23125 
0.000468,9.820000000000001e-06,50,1.0098778735632186,0.6583333333333333,1.3854166666666665 
0.0019000000000000002,9.460000000000001e-06,50,0.8989942528735633,0.5354166666666667,1.2020833333333334 
0.000118,9.820000000000001e-06,50,0.9526939655172413,0.5916666666666666,1.2479166666666666 
6.76e-05,1.36e-07,50,0.9179238505747127,0.55625,1.1979166666666667 
6.76e-05,1e-07,50,0.8943606321839079,0.5354166666666667,1.1458333333333335 
6.76e-05,1.72e-07,50,0.9706896551724138,0.5666666666666667,1.20625 
0.000136,1e-07,50,0.9370689655172413,0.5479166666666667,1.18125 
0.000486,1e-07,50,0.9052442528735631,0.5895833333333333,1.2458333333333333 
0.000486,1.36e-07,50,0.9010775862068966,0.5812499999999999,1.23125 
0.000136,1.36e-07,50,0.9151939655172414,0.5375000000000001,1.175 
0.000486,2.44e-07,50,0.8981321839080461,0.5604166666666667,1.1875 
6.76e-05,2.0799999999999998e-07,50,0.9055316091954023,0.5208333333333334,1.125 
0.000486,2.0799999999999998e-07,50,0.8981321839080461,0.5854166666666667,1.2645833333333334 
0.0028000000000000004,1e-07,50,0.9154813218390805,0.5645833333333334,1.2833333333333334 
0.000486,1.72e-07,50,0.9073275862068966,0.5541666666666667,1.2291666666666667 
6.76e-05,2.44e-07,50,0.9047772988505747,0.5208333333333334,1.125 
0.0028000000000000004,1.36e-07,50,0.8755028735632183,0.5291666666666667,1.2041666666666666 
0.000136,4.24e-07,50,0.9258979885057471,0.5625,1.2020833333333334 
0.0028000000000000004,3.1599999999999997e-07,50,1.0338362068965519,0.6458333333333334,1.4125 
0.000486,2.7999999999999997e-07,50,0.9294899425287356,0.5520833333333334,1.2041666666666666 
0.000486,3.52e-07,50,0.8982399425287355,0.5520833333333334,1.1958333333333333 
0.0028000000000000004,1.72e-07,50,0.9073994252873565,0.5645833333333333,1.2458333333333336 
0.0028000000000000004,2.0799999999999998e-07,50,0.926544540229885,0.5333333333333333,1.225 
6.76e-05,2.7999999999999997e-07,50,0.9101652298850575,0.525,1.1479166666666667 
0.000136,2.0799999999999998e-07,50,0.9186781609195402,0.5729166666666667,1.2166666666666668 
0.000136,1.72e-07,50,0.9235272988505747,0.5479166666666666,1.1833333333333331 
0.000486,3.1599999999999997e-07,50,0.9036278735632184,0.575,1.2791666666666666 
0.000136,3.1599999999999997e-07,50,0.9308189655172414,0.5375,1.1770833333333335 
0.0028000000000000004,2.8e-06,50,0.9418821839080459,0.5458333333333334,1.2458333333333331 
0.0028000000000000004,2.7999999999999997e-07,50,1.0211566091954023,0.64375,1.3729166666666668 
0.000136,2.44e-07,50,0.9339439655172415,0.5395833333333333,1.1749999999999998 
6.76e-05,3.88e-07,50,0.8891522988505747,0.5375,1.15625 
6.76e-05,3.52e-07,50,0.8915229885057471,0.55625,1.1729166666666666 
6.76e-05,3.1599999999999997e-07,50,0.9008979885057472,0.51875,1.1041666666666665 
0.000486,3.88e-07,50,0.9150862068965516,0.5875,1.3 
0.0028000000000000004,3.52e-07,50,0.9710488505747127,0.58125,1.3187499999999999 
0.000136,2.7999999999999997e-07,50,0.9186063218390805,0.575,1.2229166666666667 
0.000136,2.8e-06,50,0.9552442528735632,0.5645833333333333,1.2208333333333332 
0.000136,3.88e-07,50,0.922198275862069,0.5395833333333333,1.1791666666666667 
0.0028000000000000004,2.44e-07,50,0.982794540229885,0.56875,1.3104166666666666 
0.000136,3.52e-07,50,0.9293103448275862,0.5541666666666667,1.1833333333333333 
0.0028000000000000004,3.88e-07,50,0.9024066091954023,0.5729166666666666,1.2604166666666665 
0.000486,2.8e-06,50,0.9039152298850575,0.5166666666666667,1.1354166666666665 
0.000486,4.24e-07,50,0.9547772988505747,0.5854166666666666,1.2374999999999998 
0.0028000000000000004,4.24e-07,50,0.9497485632183909,0.5958333333333333,1.2604166666666665 
6.76e-05,2.8e-06,50,0.9120689655172414,0.5583333333333333,1.16875 
6.76e-05,4.24e-07,50,0.8826149425287356,0.51875,1.125 
6.76e-05,3.16e-06,50,0.9106321839080461,0.5479166666666667,1.1833333333333336 
0.000486,3.16e-06,50,0.9141522988505746,0.56875,1.2395833333333335 
0.0028000000000000004,3.16e-06,50,0.938757183908046,0.5895833333333332,1.2791666666666668 
0.000136,3.16e-06,50,0.9275862068965517,0.5604166666666667,1.2 
6.76e-05,3.88e-06,50,0.9132902298850576,0.5354166666666667,1.15625 
6.76e-05,3.5199999999999998e-06,50,0.9479525862068966,0.55,1.20625 
6.76e-05,4.24e-06,50,0.9122485632183908,0.5479166666666666,1.1770833333333333 
0.000136,3.5199999999999998e-06,50,0.9644396551724138,0.55,1.1875 
0.000486,3.5199999999999998e-06,50,0.8861350574712643,0.5229166666666667,1.1375000000000002 
0.000486,3.88e-06,50,1.0612068965517243,0.6750000000000002,1.4500000000000002 
0.000136,3.88e-06,50,0.9654813218390804,0.5708333333333333,1.2229166666666667 
6.76e-05,4.96e-06,50,0.9010775862068965,0.5354166666666668,1.1583333333333334 
0.0028000000000000004,3.5199999999999998e-06,50,0.9072198275862069,0.5291666666666667,1.2208333333333332 
6.76e-05,4.6e-06,50,0.9451149425287356,0.55,1.1833333333333333 
0.000486,4.24e-06,50,1.0294899425287356,0.6312500000000001,1.3520833333333333 
0.000486,4.6e-06,50,1.0112068965517242,0.6520833333333335,1.3583333333333334 
0.000136,4.24e-06,50,0.9558189655172413,0.5854166666666667,1.2583333333333333 
0.0028000000000000004,4.96e-06,50,0.9929597701149426,0.5604166666666667,1.2479166666666668 
0.000486,8.2e-06,50,1.0684985632183908,0.70625,1.4895833333333335 
6.76e-05,5.32e-06,50,0.940948275862069,0.5520833333333334,1.175 
0.000486,5.32e-06,50,0.9759698275862068,0.65,1.39375 
0.0028000000000000004,4.24e-06,50,0.9530531609195403,0.5541666666666667,1.2854166666666667 
0.000486,4.96e-06,50,0.9644037356321838,0.6583333333333333,1.3770833333333332 
0.000486,5.68e-06,50,0.9378951149425288,0.6000000000000001,1.3041666666666667 
6.76e-05,6.04e-06,50,0.9079022988505747,0.53125,1.15 
0.000486,6.04e-06,50,0.9752155172413793,0.6333333333333333,1.3708333333333333 
0.000136,4.96e-06,50,0.9482399425287357,0.5583333333333333,1.1895833333333334 
0.0028000000000000004,4.6e-06,50,0.9616738505747128,0.5708333333333334,1.2854166666666669 
6.76e-05,5.68e-06,50,0.9357399425287356,0.5437500000000001,1.1645833333333333 
0.000136,5.68e-06,50,0.928735632183908,0.5958333333333333,1.2604166666666665 
0.0028000000000000004,5.32e-06,50,0.9233117816091954,0.575,1.2791666666666666 
0.0028000000000000004,3.88e-06,50,0.9687859195402299,0.5479166666666667,1.2479166666666666 
0.0028000000000000004,8.38e-06,50,1.0958692528735634,0.7354166666666666,1.5062499999999999 
0.0028000000000000004,5.68e-06,50,0.9445402298850576,0.59375,1.2958333333333334 
6.76e-05,8.56e-06,50,0.9080818965517241,0.53125,1.14375 
0.000136,6.04e-06,50,0.9378951149425288,0.5979166666666667,1.2895833333333333 
0.000136,4.6e-06,50,1.0130028735632184,0.6520833333333333,1.3708333333333333 
0.0028000000000000004,8.2e-06,50,0.9519396551724139,0.5604166666666667,1.2791666666666668 
0.000486,8.38e-06,50,1.0774066091954024,0.6937500000000001,1.4645833333333336 
6.76e-05,8.38e-06,50,0.9226652298850575,0.5541666666666667,1.1729166666666666 
0.0028000000000000004,8.56e-06,50,0.9475574712643678,0.5937500000000001,1.2916666666666667 
0.000136,8.38e-06,50,0.947198275862069,0.5666666666666667,1.1916666666666667 
0.000486,8.56e-06,50,0.9826867816091953,0.6645833333333333,1.4125 
0.000136,5.32e-06,50,0.9669899425287356,0.5750000000000001,1.2416666666666667 
0.000136,8.2e-06,50,0.9544899425287356,0.5666666666666667,1.2020833333333334 
6.76e-05,8.74e-06,50,0.9042025862068965,0.5270833333333333,1.1395833333333334 
6.76e-05,8.2e-06,50,0.9466235632183908,0.5833333333333334,1.2208333333333334 
0.000136,8.56e-06,50,0.922198275862069,0.5625,1.2083333333333335 
0.0028000000000000004,6.04e-06,50,1.0204022988505748,0.6,1.3708333333333333 
0.000486,8.74e-06,50,0.963757183908046,0.6375000000000001,1.3791666666666669 
0.0028000000000000004,8.74e-06,50,0.9737068965517242,0.575,1.30625 
0.000136,8.74e-06,50,0.9210488505747126,0.5854166666666667,1.225 
6.76e-05,8.92e-06,50,0.9042025862068965,0.5270833333333333,1.14375 
0.000486,8.92e-06,50,1.0147988505747128,0.6520833333333333,1.4041666666666668 
0.000136,8.92e-06,50,0.9286278735632184,0.5604166666666667,1.2020833333333334 
6.76e-05,9.100000000000001e-06,50,0.9526939655172413,0.5541666666666666,1.18125 
0.000486,9.100000000000001e-06,50,1.038757183908046,0.6916666666666667,1.4395833333333332 
6.76e-05,9.28e-06,50,0.9141522988505748,0.5520833333333334,1.1770833333333335 
0.000136,9.100000000000001e-06,50,0.9440732758620689,0.5729166666666666,1.23125 
6.76e-05,9.640000000000001e-06,50,0.8976652298850574,0.5270833333333333,1.1375 
0.0028000000000000004,8.92e-06,50,0.9930316091954023,0.6208333333333333,1.3458333333333332 
6.76e-05,9.460000000000001e-06,50,0.895007183908046,0.5395833333333333,1.1520833333333333 
6.76e-05,9.820000000000001e-06,50,0.9099856321839079,0.5416666666666666,1.1645833333333333 
0.000486,9.460000000000001e-06,50,0.9304238505747127,0.5770833333333334,1.275 
0.0028000000000000004,9.100000000000001e-06,50,0.9701149425287356,0.5895833333333333,1.3229166666666667 
0.000486,9.820000000000001e-06,50,0.9390445402298851,0.5958333333333333,1.2770833333333336 
0.000136,9.28e-06,50,0.9373563218390805,0.5583333333333333,1.2020833333333334 
0.000486,9.28e-06,50,1.0463362068965516,0.6958333333333334,1.4604166666666667 
0.000136,9.640000000000001e-06,50,0.9227729885057471,0.5604166666666667,1.2145833333333333 
6.939999999999999e-05,1.36e-07,50,0.9122485632183908,0.5354166666666667,1.1520833333333333 
0.000486,9.640000000000001e-06,50,0.9304238505747127,0.5833333333333334,1.2833333333333332 
0.000504,1e-07,50,0.9214439655172413,0.5750000000000001,1.24375 
0.0028000000000000004,9.820000000000001e-06,50,0.9508979885057472,0.5479166666666666,1.23125 
0.0028000000000000004,9.640000000000001e-06,50,0.9412356321839079,0.5833333333333334,1.3291666666666666 
0.000136,9.820000000000001e-06,50,0.9674568965517243,0.6041666666666667,1.2625000000000002 
0.0037,1.36e-07,50,0.9492816091954022,0.5729166666666666,1.2395833333333335 
0.0028000000000000004,9.28e-06,50,0.9847701149425288,0.6229166666666667,1.3833333333333333 
6.939999999999999e-05,2.44e-07,50,0.9122485632183908,0.5375,1.1520833333333333 
0.000504,2.0799999999999998e-07,50,0.9042025862068965,0.5520833333333334,1.15625 
0.0037,1.72e-07,50,0.9267241379310345,0.56875,1.26875 
0.000504,1.36e-07,50,0.9181034482758621,0.6020833333333333,1.25 
6.939999999999999e-05,2.0799999999999998e-07,50,0.9143318965517242,0.5375,1.15625 
0.000154,1.36e-07,50,0.9704022988505747,0.6624999999999999,1.3541666666666665 
0.000504,1.72e-07,50,0.9031609195402299,0.5770833333333334,1.2020833333333334 
0.000136,9.460000000000001e-06,50,0.9470186781609196,0.5499999999999999,1.1729166666666666 
0.000154,1e-07,50,0.9704022988505747,0.65625,1.3479166666666667 
6.939999999999999e-05,1e-07,50,0.9079022988505747,0.5104166666666667,1.1291666666666669 
0.0037,2.0799999999999998e-07,50,0.9160201149425287,0.5979166666666667,1.2916666666666667 
0.000154,2.0799999999999998e-07,50,0.915948275862069,0.6583333333333333,1.3458333333333332 
0.0028000000000000004,9.460000000000001e-06,50,0.9805316091954024,0.5979166666666667,1.2708333333333333 
0.000154,1.72e-07,50,0.926544540229885,0.65625,1.34375 
6.939999999999999e-05,1.72e-07,50,0.9143318965517242,0.5375,1.15625 
0.000504,2.44e-07,50,0.9031609195402299,0.56875,1.1875 
6.939999999999999e-05,2.7999999999999997e-07,50,0.9143318965517242,0.5625,1.2 
0.0037,2.44e-07,50,0.8915229885057472,0.5104166666666667,1.1604166666666669 
0.000154,2.44e-07,50,0.9232399425287356,0.6520833333333333,1.3416666666666668 
0.0037,1e-07,50,0.9890445402298851,0.63125,1.35625 
0.000504,2.7999999999999997e-07,50,0.9031609195402299,0.5583333333333333,1.1833333333333331 
0.0037,2.7999999999999997e-07,50,0.941882183908046,0.6104166666666667,1.34375 
0.000154,2.7999999999999997e-07,50,0.9863146551724139,0.6520833333333333,1.3416666666666668 
6.939999999999999e-05,3.1599999999999997e-07,50,0.9132902298850576,0.5625,1.2 
0.000504,3.1599999999999997e-07,50,0.9295977011494254,0.5604166666666667,1.1770833333333335 
0.000154,3.1599999999999997e-07,50,0.9540229885057472,0.6520833333333333,1.34375 
6.939999999999999e-05,3.52e-07,50,0.9143318965517242,0.5625,1.1979166666666665 
0.000154,3.52e-07,50,0.9279813218390806,0.65,1.3416666666666668 
6.939999999999999e-05,3.88e-07,50,0.9076149425287356,0.51875,1.13125 
0.000504,3.52e-07,50,0.9079741379310344,0.5791666666666666,1.21875 
6.939999999999999e-05,4.24e-07,50,0.9677083333333334,0.70625,1.4354166666666668 
6.939999999999999e-05,2.8e-06,50,0.916882183908046,0.5583333333333333,1.1958333333333333 
0.0037,3.1599999999999997e-07,50,0.934698275862069,0.5708333333333333,1.2416666666666667 
6.939999999999999e-05,3.16e-06,50,0.9308189655172414,0.5333333333333333,1.1479166666666667 
0.000154,4.24e-07,50,0.9294899425287356,0.65,1.3375 
0.0037,3.52e-07,50,0.8919899425287356,0.5041666666666667,1.1583333333333332 
0.000504,4.24e-07,50,0.944360632183908,0.5979166666666667,1.2354166666666666 
0.000504,3.88e-07,50,0.9308189655172414,0.5875,1.2208333333333332 
0.000504,3.16e-06,50,0.9198275862068966,0.55625,1.2104166666666667 
0.000504,2.8e-06,50,0.9202945402298851,0.5645833333333333,1.1958333333333333 
0.0037,4.24e-07,50,0.956573275862069,0.575,1.2958333333333334 
0.0037,3.5199999999999998e-06,50,0.8862068965517242,0.4979166666666667,1.1625 
6.939999999999999e-05,3.5199999999999998e-06,50,0.9165229885057472,0.53125,1.1437499999999998 
0.0037,3.88e-07,50,0.8937859195402299,0.5291666666666666,1.2166666666666666 
0.000154,3.88e-07,50,0.9331896551724138,0.6541666666666667,1.34375 
0.000154,3.88e-06,50,0.959985632183908,0.6020833333333333,1.2583333333333333 
0.0037,3.16e-06,50,0.9594109195402298,0.5791666666666667,1.2583333333333333 
0.000154,2.8e-06,50,0.9529813218390805,0.5666666666666667,1.2020833333333334 
0.000504,3.88e-06,50,0.94066091954023,0.6145833333333334,1.3354166666666667 
0.000504,3.5199999999999998e-06,50,0.94066091954023,0.5916666666666667,1.2979166666666666 
0.0037,4.6e-06,50,0.9845905172413794,0.6270833333333333,1.33125 
0.0037,2.8e-06,50,1.0305316091954024,0.6666666666666666,1.4229166666666666 
6.939999999999999e-05,3.88e-06,50,0.9331896551724138,0.53125,1.1541666666666668 
6.939999999999999e-05,4.24e-06,50,0.9323275862068966,0.5541666666666667,1.175 
0.0037,3.88e-06,50,0.8872485632183909,0.59375,1.25 
0.000504,4.24e-06,50,0.9304956896551724,0.6458333333333334,1.34375 
0.000154,4.24e-06,50,0.9632902298850574,0.5791666666666666,1.2541666666666664 
0.000154,3.5199999999999998e-06,50,0.9278735632183908,0.5645833333333333,1.2270833333333333 
0.000154,4.6e-06,50,0.928699712643678,0.6229166666666667,1.3229166666666665 
0.000154,3.16e-06,50,0.928735632183908,0.5437500000000001,1.1729166666666668 
0.000504,4.96e-06,50,0.9257543103448277,0.6250000000000001,1.3687500000000001 
0.0037,4.24e-06,50,0.92503591954023,0.6354166666666667,1.3 
0.000504,4.6e-06,50,0.931573275862069,0.6,1.3041666666666667 
6.939999999999999e-05,5.32e-06,50,0.9089439655172413,0.55,1.1604166666666667 
6.939999999999999e-05,4.96e-06,50,0.9169899425287356,0.5208333333333333,1.1270833333333332 
0.000154,4.96e-06,50,0.9241738505747127,0.6375,1.325 
0.0037,4.96e-06,50,0.9284482758620689,0.5166666666666666,1.15 
6.939999999999999e-05,4.6e-06,50,0.9021192528735632,0.5291666666666667,1.1145833333333335 
0.000504,5.32e-06,50,0.9371408045977011,0.6270833333333333,1.3479166666666667 
0.000154,5.32e-06,50,0.947485632183908,0.5604166666666667,1.2354166666666666 
0.0037,5.32e-06,50,0.9560704022988505,0.6458333333333334,1.3604166666666666 
0.000154,5.68e-06,50,0.9331896551724138,0.55,1.1749999999999998 
0.000504,5.68e-06,50,1.0686781609195402,0.7479166666666668,1.51875 
6.939999999999999e-05,5.68e-06,50,0.9026939655172415,0.525,1.1416666666666666 
6.939999999999999e-05,6.04e-06,50,0.9292025862068967,0.5437500000000001,1.1687500000000002 
6.939999999999999e-05,8.38e-06,50,0.9307112068965516,0.5562499999999999,1.2062499999999998 
0.000154,6.04e-06,50,0.9331896551724138,0.5916666666666667,1.25 
6.939999999999999e-05,8.56e-06,50,0.9049568965517241,0.5395833333333334,1.14375 
0.0037,5.68e-06,50,1.0117816091954022,0.6375000000000001,1.34375 
0.000504,6.04e-06,50,0.9972701149425287,0.6749999999999999,1.4083333333333332 
6.939999999999999e-05,8.2e-06,50,0.9153735632183908,0.5416666666666667,1.1583333333333332 
0.0037,6.04e-06,50,0.9497485632183909,0.5875,1.2895833333333333 
6.939999999999999e-05,8.74e-06,50,0.9339439655172415,0.5395833333333333,1.1729166666666666 
0.000504,8.2e-06,50,1.0719109195402299,0.6958333333333334,1.4583333333333333 
0.000154,8.2e-06,50,0.9641522988505746,0.6,1.2625 
0.000504,8.56e-06,50,0.9788074712643677,0.6229166666666667,1.3541666666666665 
0.000504,8.74e-06,50,0.9193606321839081,0.6166666666666667,1.3020833333333335 
0.000154,8.74e-06,50,0.9500359195402299,0.5895833333333333,1.2333333333333334 
0.0037,8.38e-06,50,0.9638649425287356,0.6125,1.275 
0.000504,8.38e-06,50,1.0421695402298852,0.6937500000000001,1.4520833333333334 
0.0037,8.2e-06,50,0.9238146551724138,0.5625,1.25625 
0.000154,8.56e-06,50,0.9492816091954024,0.5625,1.1979166666666665 
0.0037,8.92e-06,50,0.8893318965517241,0.5166666666666667,1.1708333333333334 
0.000504,9.100000000000001e-06,50,0.9467313218390804,0.5666666666666667,1.2604166666666665 
6.939999999999999e-05,9.100000000000001e-06,50,0.9092313218390805,0.51875,1.1229166666666668 
6.939999999999999e-05,8.92e-06,50,0.9153735632183908,0.5395833333333333,1.1583333333333332 
0.0037,9.28e-06,50,0.909698275862069,0.5562499999999999,1.2416666666666667 
6.939999999999999e-05,9.28e-06,50,0.9189655172413793,0.5604166666666667,1.2 
0.0037,8.56e-06,50,1.0357399425287357,0.6520833333333333,1.3770833333333332 
0.000154,8.38e-06,50,0.9669899425287356,0.5729166666666667,1.2270833333333333 
0.000504,8.92e-06,50,1.0047772988505748,0.5958333333333333,1.3 
6.939999999999999e-05,9.640000000000001e-06,50,0.9052442528735632,0.5479166666666666,1.1666666666666665 
0.000154,9.460000000000001e-06,50,0.9604525862068967,0.5854166666666667,1.2312500000000002 
0.000504,9.28e-06,50,0.9345905172413793,0.5708333333333334,1.2583333333333333 
0.0037,8.74e-06,50,0.9274066091954023,0.5249999999999999,1.19375 
0.0037,9.100000000000001e-06,50,0.8979525862068966,0.5333333333333333,1.1770833333333333 
0.0037,9.460000000000001e-06,50,0.9507902298850575,0.5541666666666667,1.26875 
0.0037,9.640000000000001e-06,50,1.0122485632183909,0.6104166666666666,1.3520833333333333 
0.000154,8.92e-06,50,0.9492816091954024,0.5958333333333333,1.2416666666666667 
0.000154,9.100000000000001e-06,50,0.9513649425287356,0.5729166666666666,1.20625 
0.000154,9.640000000000001e-06,50,0.9564655172413793,0.60625,1.275 
0.000504,9.640000000000001e-06,50,0.9347701149425287,0.5875,1.2833333333333332 
6.939999999999999e-05,9.460000000000001e-06,50,0.9363146551724139,0.5375,1.1604166666666667 
0.000504,9.460000000000001e-06,50,0.9263649425287356,0.55,1.2145833333333333 
0.000504,9.820000000000001e-06,50,1.0226652298850574,0.6520833333333333,1.4 
0.000154,9.820000000000001e-06,50,0.9719109195402299,0.5645833333333333,1.2541666666666667 
6.939999999999999e-05,9.820000000000001e-06,50,0.9107399425287357,0.5479166666666667,1.1666666666666665 
0.0037,9.820000000000001e-06,50,0.9488864942528734,0.56875,1.2770833333333331 
0.000154,9.28e-06,50,0.9336566091954023,0.56875,1.2375 
0.000172,1e-07,50,0.9466235632183908,0.56875,1.2208333333333332 
7.12e-05,1e-07,50,0.8989942528735633,0.5458333333333333,1.1583333333333332 
0.000522,1e-07,50,0.9835488505747126,0.66875,1.36875 
7.12e-05,1.36e-07,50,0.9187859195402299,0.5333333333333333,1.1479166666666667 
7.12e-05,2.0799999999999998e-07,50,0.9070402298850575,0.5375000000000001,1.15 
0.000172,1.36e-07,50,0.9466235632183908,0.56875,1.2208333333333332 
0.0046,1e-07,50,0.9437859195402298,0.5541666666666667,1.1979166666666665 
7.12e-05,1.72e-07,50,0.9167025862068966,0.5416666666666666,1.14375 
7.12e-05,2.44e-07,50,0.9455818965517242,0.5666666666666667,1.21875 
0.000522,1.36e-07,50,0.977478448275862,0.6666666666666667,1.3729166666666668 
0.0046,1.36e-07,50,0.9880028735632184,0.6416666666666667,1.3333333333333335 
0.000522,1.72e-07,50,0.9204022988505747,0.6229166666666667,1.3020833333333333 
0.0046,1.72e-07,50,0.8911278735632183,0.5541666666666667,1.2041666666666666 
0.000522,2.44e-07,50,0.9305316091954023,0.6041666666666667,1.2729166666666667 
7.12e-05,2.7999999999999997e-07,50,0.9348778735632184,0.5625,1.2145833333333333 
0.000172,1.72e-07,50,0.9445402298850576,0.5645833333333333,1.2166666666666668 
0.000172,2.0799999999999998e-07,50,0.9013649425287356,0.5625,1.2125 
0.000522,2.7999999999999997e-07,50,0.9204022988505747,0.5958333333333333,1.2666666666666666 
7.12e-05,3.52e-07,50,0.9327945402298851,0.5583333333333333,1.2104166666666667 
0.000172,2.44e-07,50,0.9073275862068966,0.5270833333333333,1.1416666666666666 
7.12e-05,3.1599999999999997e-07,50,0.9327945402298851,0.5604166666666667,1.2104166666666667 
0.000522,2.0799999999999998e-07,50,0.9595905172413793,0.6375,1.3229166666666665 
0.0046,3.52e-07,50,0.9208692528735632,0.5125,1.1520833333333333 
0.0046,2.44e-07,50,0.9184985632183909,0.5416666666666666,1.1687500000000002 
0.0046,2.7999999999999997e-07,50,0.945330459770115,0.625,1.2979166666666666 
0.000522,3.1599999999999997e-07,50,0.9224856321839081,0.6104166666666666,1.2916666666666665 
0.0046,3.1599999999999997e-07,50,0.9380387931034483,0.5041666666666667,1.1916666666666667 
0.000522,3.88e-07,50,0.9256106321839079,0.5979166666666667,1.2604166666666665 
0.000172,2.7999999999999997e-07,50,0.92191091954023,0.5416666666666667,1.1541666666666668 
7.12e-05,3.88e-07,50,0.9327945402298851,0.5583333333333333,1.2104166666666667 
0.000522,3.52e-07,50,0.9493534482758621,0.6291666666666668,1.3125 
7.12e-05,4.24e-07,50,0.9327945402298851,0.5583333333333333,1.2104166666666667 
0.0046,2.0799999999999998e-07,50,0.9595905172413793,0.6166666666666666,1.2916666666666667 
7.12e-05,2.8e-06,50,0.919073275862069,0.5583333333333333,1.1958333333333333 
0.000172,3.1599999999999997e-07,50,0.9229525862068966,0.5625,1.1979166666666665 
0.0046,3.88e-07,50,0.8894396551724139,0.5166666666666666,1.2104166666666667 
0.000522,2.8e-06,50,0.8940732758620689,0.6291666666666667,1.3041666666666667 
0.000522,4.24e-07,50,0.9266522988505748,0.6145833333333334,1.2854166666666669 
0.000172,4.24e-07,50,0.9235991379310344,0.5854166666666667,1.24375 
0.0046,2.8e-06,50,0.9638649425287356,0.5958333333333333,1.2770833333333333 
0.0046,4.24e-07,50,0.9779813218390805,0.6145833333333334,1.28125 
0.000172,3.52e-07,50,0.9211566091954022,0.5625,1.1958333333333333 
7.12e-05,3.16e-06,50,0.9117816091954023,0.5416666666666667,1.1541666666666668 
0.000172,2.8e-06,50,0.9324353448275862,0.5458333333333334,1.19375 
0.000172,3.88e-07,50,0.922198275862069,0.5541666666666667,1.1729166666666666 
0.000522,3.16e-06,50,0.884698275862069,0.5499999999999999,1.1541666666666666 
0.0046,3.16e-06,50,0.9044181034482759,0.5125,1.18125 
0.000172,3.16e-06,50,0.913110632183908,0.6062500000000001,1.275 
0.000522,3.5199999999999998e-06,50,0.8716235632183909,0.5458333333333334,1.1520833333333333 
0.000172,3.5199999999999998e-06,50,0.9276939655172414,0.5625,1.2041666666666666 
7.12e-05,3.88e-06,50,0.9294899425287355,0.5666666666666667,1.2145833333333331 
7.12e-05,3.5199999999999998e-06,50,0.934698275862069,0.5375,1.1625 
0.000172,3.88e-06,50,0.9366738505747126,0.5895833333333333,1.2354166666666666 
7.12e-05,4.24e-06,50,0.9116738505747127,0.55,1.1895833333333332 
0.000522,3.88e-06,50,0.9139727011494252,0.5562499999999999,1.2312499999999997 
7.12e-05,4.96e-06,50,0.9235272988505747,0.5375,1.15625 
0.000522,4.24e-06,50,0.9358117816091955,0.6020833333333333,1.2895833333333333 
7.12e-05,4.6e-06,50,0.9239942528735632,0.5375,1.1583333333333332 
0.0046,3.88e-06,50,0.9372485632183909,0.4979166666666667,1.2020833333333334 
0.0046,3.5199999999999998e-06,50,0.837823275862069,0.48541666666666666,1.1208333333333331 
0.000522,4.96e-06,50,0.9446120689655173,0.6312500000000001,1.3375000000000001 
0.0046,4.24e-06,50,0.9036637931034482,0.49791666666666673,1.1020833333333333 
0.000522,4.6e-06,50,0.9225933908045977,0.5854166666666667,1.2458333333333333 
7.12e-05,5.68e-06,50,0.897485632183908,0.5375000000000001,1.1395833333333334 
0.000172,4.24e-06,50,0.9196479885057471,0.5645833333333333,1.2083333333333335 
7.12e-05,5.32e-06,50,0.9099856321839079,0.5229166666666667,1.125 
7.12e-05,6.04e-06,50,0.9180316091954023,0.5229166666666667,1.1291666666666667 
0.000172,4.6e-06,50,0.9304238505747128,0.5583333333333333,1.2229166666666669 
0.0046,4.6e-06,50,1.0492816091954023,0.6479166666666667,1.3916666666666666 
0.0046,5.32e-06,50,0.9299928160919539,0.5520833333333334,1.2083333333333335 
0.000522,5.32e-06,50,0.9647988505747127,0.5958333333333333,1.2916666666666667 
0.0046,6.04e-06,50,0.9734554597701149,0.5791666666666666,1.2291666666666665 
0.000522,5.68e-06,50,0.9389367816091954,0.63125,1.3479166666666667 
0.0046,4.96e-06,50,0.9568606321839079,0.5645833333333332,1.2874999999999999 
0.0046,8.2e-06,50,0.9110272988505748,0.51875,1.1375000000000002 
0.000522,6.04e-06,50,0.9396910919540229,0.6145833333333333,1.3104166666666666 
7.12e-05,8.56e-06,50,0.9138649425287357,0.5416666666666666,1.1708333333333334 
0.000172,5.68e-06,50,0.9515445402298851,0.58125,1.2479166666666668 
0.000172,4.96e-06,50,0.9229525862068966,0.58125,1.2354166666666666 
0.000172,5.32e-06,50,0.9290229885057472,0.5625,1.2145833333333333 
0.000522,8.38e-06,50,0.9184985632183909,0.5645833333333334,1.2208333333333332 
0.0046,5.68e-06,50,1.0204022988505748,0.61875,1.3166666666666667 
0.000522,8.2e-06,50,0.9968031609195402,0.6791666666666667,1.4083333333333332 
0.000172,6.04e-06,50,0.9332614942528736,0.5916666666666667,1.2458333333333333 
7.12e-05,8.2e-06,50,0.9065732758620689,0.59375,1.2374999999999998 
7.12e-05,8.38e-06,50,0.9057112068965517,0.5333333333333333,1.15625 
0.0046,8.38e-06,50,0.980926724137931,0.6166666666666666,1.2916666666666665 
0.0046,8.56e-06,50,1.0010775862068966,0.6604166666666667,1.38125 
0.000172,8.2e-06,50,0.9482399425287356,0.5666666666666667,1.2125 
7.12e-05,8.74e-06,50,0.9211566091954022,0.5333333333333333,1.1416666666666666 
0.000172,8.56e-06,50,0.9344109195402299,0.55,1.1854166666666668 
0.000522,8.56e-06,50,1.0129310344827587,0.6291666666666667,1.3291666666666666 
0.000522,8.74e-06,50,0.9282327586206898,0.60625,1.2916666666666665 
0.0046,8.74e-06,50,1.0419899425287356,0.6645833333333333,1.3833333333333333 
0.000172,8.38e-06,50,0.9482399425287356,0.5770833333333333,1.225 
0.000172,8.74e-06,50,0.9584410919540229,0.6458333333333334,1.3479166666666667 
0.000522,8.92e-06,50,0.961889367816092,0.6041666666666666,1.2708333333333335 
7.12e-05,9.100000000000001e-06,50,0.931573275862069,0.5437500000000001,1.1895833333333334 
0.000172,8.92e-06,50,0.9344109195402299,0.5770833333333333,1.2458333333333336 
7.12e-05,8.92e-06,50,0.9138649425287357,0.5333333333333333,1.1416666666666666 
7.12e-05,9.460000000000001e-06,50,0.9292025862068966,0.5416666666666666,1.1958333333333333 
0.000522,9.28e-06,50,0.9310704022988506,0.6479166666666667,1.3583333333333334 
7.12e-05,9.28e-06,50,0.9302442528735633,0.54375,1.1708333333333334 
7.12e-05,9.640000000000001e-06,50,0.9293103448275862,0.525,1.1291666666666667 
0.0046,8.92e-06,50,1.028735632183908,0.6125,1.3333333333333335 
0.000172,9.100000000000001e-06,50,0.9469109195402299,0.5708333333333334,1.2333333333333334 
0.000522,9.100000000000001e-06,50,0.9668103448275861,0.5958333333333333,1.2833333333333332 
0.000522,9.460000000000001e-06,50,0.9065732758620689,0.6083333333333334,1.30625 
0.0046,9.100000000000001e-06,50,0.9924568965517242,0.6291666666666665,1.3229166666666667 
0.0046,9.28e-06,50,0.9973778735632183,0.6645833333333333,1.375 
7.12e-05,9.820000000000001e-06,50,0.9067528735632184,0.5375000000000001,1.1583333333333334 
7.3e-05,1e-07,50,0.9409482758620689,0.5625,1.19375 
0.000172,9.28e-06,50,0.9863146551724139,0.5895833333333333,1.2312500000000002 
0.000522,9.820000000000001e-06,50,0.9371408045977012,0.6041666666666667,1.2708333333333335 
7.3e-05,1.36e-07,50,0.9195402298850575,0.5458333333333334,1.1666666666666667 
0.000522,9.640000000000001e-06,50,0.9044899425287356,0.6083333333333334,1.2895833333333333 
0.000172,9.640000000000001e-06,50,0.9451149425287356,0.575,1.23125 
0.000172,9.460000000000001e-06,50,0.9489942528735633,0.5687500000000001,1.2083333333333335 
0.0046,9.640000000000001e-06,50,0.9498563218390805,0.5375,1.2 
0.00054,1.36e-07,50,0.9242816091954023,0.5520833333333333,1.18125 
0.00054,1e-07,50,0.9433908045977011,0.5708333333333333,1.2833333333333332 
0.0046,9.460000000000001e-06,50,0.9636853448275862,0.5833333333333334,1.2708333333333335 
0.0046,9.820000000000001e-06,50,0.9798850574712643,0.65,1.3479166666666667 
0.0055000000000000005,1e-07,50,0.9141522988505748,0.5854166666666667,1.2625000000000002 
0.000172,9.820000000000001e-06,50,0.9269396551724138,0.6270833333333333,1.2979166666666666 
0.0055000000000000005,1.72e-07,50,1.0080100574712643,0.5583333333333333,1.2541666666666667 
7.3e-05,1.72e-07,50,0.9205818965517241,0.5479166666666666,1.16875 
0.00019,1.36e-07,50,0.9117456896551726,0.6270833333333334,1.3062500000000001 
0.00019,1e-07,50,0.931860632183908,0.6312500000000001,1.3125 
0.00019,1.72e-07,50,0.9519396551724137,0.6270833333333334,1.3062500000000001 
0.00054,1.72e-07,50,0.9256106321839079,0.5479166666666667,1.2083333333333335 
0.0055000000000000005,1.36e-07,50,0.9418103448275862,0.5750000000000001,1.2729166666666667 
0.00019,2.0799999999999998e-07,50,0.9211566091954022,0.6229166666666667,1.3 
7.3e-05,2.44e-07,50,0.9195402298850575,0.5479166666666667,1.1666666666666667 
7.3e-05,2.0799999999999998e-07,50,0.9195402298850575,0.5479166666666667,1.1666666666666667 
0.0055000000000000005,2.44e-07,50,0.871551724137931,0.5104166666666666,1.1520833333333333 
0.0055000000000000005,2.0799999999999998e-07,50,1.0213721264367814,0.5791666666666666,1.1979166666666665 
7.3e-05,2.7999999999999997e-07,50,0.9195402298850575,0.5479166666666667,1.1666666666666667 
0.00054,2.7999999999999997e-07,50,0.9415948275862069,0.6020833333333334,1.2625000000000002 
0.00054,2.0799999999999998e-07,50,0.9201149425287356,0.5583333333333333,1.2145833333333333 
0.0055000000000000005,2.7999999999999997e-07,50,0.8727370689655173,0.5687499999999999,1.2020833333333332 
0.00019,2.44e-07,50,0.9393318965517241,0.6229166666666668,1.2979166666666668 
0.00054,2.44e-07,50,0.9249281609195401,0.5687500000000001,1.2312500000000002 
0.00019,2.7999999999999997e-07,50,0.9100215517241379,0.6833333333333333,1.40625 
0.00054,3.1599999999999997e-07,50,0.9478448275862068,0.6041666666666667,1.275 
7.3e-05,3.1599999999999997e-07,50,0.9110272988505748,0.5291666666666667,1.13125 
0.00019,3.1599999999999997e-07,50,0.9372485632183909,0.6250000000000001,1.3020833333333335 
7.3e-05,3.52e-07,50,0.9184985632183909,0.5854166666666667,1.2229166666666667 
7.3e-05,4.24e-07,50,0.9099856321839082,0.5437500000000001,1.1687500000000002 
7.3e-05,3.88e-07,50,0.9130028735632184,0.5479166666666667,1.1729166666666666 
7.3e-05,2.8e-06,50,0.9229525862068966,0.5375,1.15625 
0.00054,3.52e-07,50,0.925323275862069,0.5958333333333333,1.2854166666666669 
0.00054,3.88e-07,50,0.9242816091954023,0.6041666666666666,1.3104166666666666 
0.00019,3.52e-07,50,0.9079022988505747,0.6250000000000001,1.3000000000000003 
0.0055000000000000005,3.1599999999999997e-07,50,0.9588362068965518,0.5687500000000001,1.2625000000000002 
0.00054,4.24e-07,50,0.9373563218390805,0.5895833333333333,1.26875 
7.3e-05,3.16e-06,50,0.9184985632183909,0.5416666666666667,1.1687500000000002 
0.0055000000000000005,3.88e-07,50,0.9475933908045977,0.53125,1.1875 
0.0055000000000000005,3.52e-07,50,0.9566810344827585,0.5875,1.225 
7.3e-05,3.5199999999999998e-06,50,0.9149066091954023,0.5333333333333333,1.1375 
0.00054,3.16e-06,50,0.9246408045977011,0.6041666666666667,1.25625 
0.00054,2.8e-06,50,0.9627155172413794,0.6020833333333333,1.2875 
7.3e-05,3.88e-06,50,0.931860632183908,0.5375,1.1458333333333335 
0.00019,3.88e-07,50,0.9534482758620689,0.6229166666666668,1.2979166666666668 
0.0055000000000000005,2.8e-06,50,0.9237068965517241,0.5625,1.2166666666666668 
0.0055000000000000005,3.16e-06,50,0.9555316091954023,0.5416666666666667,1.2395833333333333 
0.0055000000000000005,4.24e-07,50,0.9569683908045977,0.5562499999999999,1.1916666666666667 
0.00054,3.88e-06,50,0.9126436781609196,0.5625,1.2145833333333336 
0.00019,2.8e-06,50,0.9415229885057471,0.6083333333333334,1.2770833333333336 
0.00019,3.16e-06,50,0.9415229885057471,0.5916666666666667,1.2666666666666666 
0.0055000000000000005,3.5199999999999998e-06,50,0.987176724137931,0.6562500000000001,1.3083333333333336 
7.3e-05,4.24e-06,50,0.8954022988505748,0.5208333333333333,1.1333333333333333 
0.00019,4.24e-07,50,0.9208692528735631,0.6208333333333333,1.2916666666666667 
0.0055000000000000005,3.88e-06,50,1.0456896551724137,0.6291666666666667,1.3499999999999999 
0.00019,3.88e-06,50,0.9123563218390806,0.5875,1.2645833333333334 
0.00054,3.5199999999999998e-06,50,0.8952945402298851,0.5395833333333333,1.16875 
0.00019,3.5199999999999998e-06,50,0.9526939655172415,0.59375,1.26875 
0.0055000000000000005,4.24e-06,50,0.8923491379310344,0.5729166666666667,1.2208333333333334 
0.00054,4.24e-06,50,0.9133979885057472,0.6000000000000001,1.2833333333333332 
7.3e-05,4.6e-06,50,0.9112068965517242,0.5312500000000001,1.1500000000000001 
0.00019,4.6e-06,50,0.9354525862068965,0.5854166666666667,1.2625000000000002 
0.0055000000000000005,4.96e-06,50,0.9512931034482759,0.60625,1.2625 
0.00019,4.24e-06,50,0.9506106321839081,0.5854166666666667,1.2625000000000002 
0.00054,4.96e-06,50,0.9019396551724138,0.56875,1.23125 
7.3e-05,4.96e-06,50,0.9281609195402298,0.54375,1.1666666666666665 
0.00019,4.96e-06,50,0.9708692528735632,0.5708333333333333,1.2520833333333332 
7.3e-05,5.32e-06,50,0.9016522988505746,0.54375,1.1770833333333335 
0.0055000000000000005,4.6e-06,50,0.9293103448275861,0.5479166666666667,1.2645833333333334 
0.00054,4.6e-06,50,0.9392241379310344,0.6416666666666666,1.3395833333333333 
0.00054,5.32e-06,50,0.9777658045977011,0.6541666666666667,1.3875 
0.0055000000000000005,5.32e-06,50,0.9515445402298851,0.5979166666666667,1.2479166666666668 
0.00019,5.32e-06,50,0.934698275862069,0.5854166666666667,1.2604166666666665 
0.00054,5.68e-06,50,0.9694324712643678,0.6229166666666668,1.34375 
7.3e-05,5.68e-06,50,0.9156609195402299,0.5333333333333333,1.1625 
0.00019,5.68e-06,50,0.9227729885057471,0.5833333333333334,1.2604166666666665 
7.3e-05,6.04e-06,50,0.9039152298850575,0.55625,1.18125 
7.3e-05,8.38e-06,50,0.8941451149425288,0.59375,1.2541666666666667 
7.3e-05,8.56e-06,50,0.9036278735632184,0.5333333333333333,1.1520833333333333 
7.3e-05,8.2e-06,50,0.9292025862068966,0.5458333333333334,1.1770833333333335 
0.00054,6.04e-06,50,0.9602370689655172,0.66875,1.4 
0.0055000000000000005,5.68e-06,50,0.950323275862069,0.5666666666666667,1.2291666666666665 
0.00019,6.04e-06,50,0.926544540229885,0.60625,1.25 
0.00054,8.38e-06,50,0.9021192528735633,0.5833333333333333,1.2645833333333334 
0.0055000000000000005,6.04e-06,50,1.0483477011494253,0.6375000000000001,1.3583333333333334 
0.0055000000000000005,8.2e-06,50,0.9360272988505747,0.54375,1.2333333333333334 
7.3e-05,8.92e-06,50,0.9149066091954023,0.5291666666666666,1.15625 
0.00054,8.56e-06,50,0.9019396551724138,0.5854166666666667,1.2750000000000001 
7.3e-05,8.74e-06,50,0.9549568965517241,0.5645833333333333,1.2374999999999998 
0.0055000000000000005,8.38e-06,50,0.9429238505747127,0.5604166666666667,1.2479166666666668 
7.3e-05,9.100000000000001e-06,50,0.9119612068965517,0.5416666666666666,1.16875 
0.00019,8.2e-06,50,0.956573275862069,0.5812499999999999,1.225 
0.00054,8.92e-06,50,0.961853448275862,0.6312500000000001,1.3395833333333333 
0.0055000000000000005,8.74e-06,50,0.9669899425287356,0.5229166666666666,1.2270833333333333 
0.0055000000000000005,9.100000000000001e-06,50,0.9667025862068966,0.5812499999999999,1.2625000000000002 
0.00019,8.38e-06,50,0.9250359195402299,0.5625,1.1875 
0.00019,8.56e-06,50,0.9680316091954023,0.5750000000000001,1.2291666666666667 
0.0055000000000000005,8.56e-06,50,0.9028017241379311,0.5041666666666667,1.1291666666666667 
0.00019,8.92e-06,50,0.9250359195402299,0.5875,1.2333333333333334 
0.0055000000000000005,8.92e-06,50,0.9561063218390805,0.5583333333333333,1.1875 
0.00019,8.74e-06,50,0.9260775862068966,0.5645833333333334,1.1979166666666667 
7.3e-05,9.28e-06,50,0.9119612068965517,0.5416666666666666,1.16875 
0.00019,9.100000000000001e-06,50,0.92816091954023,0.5875,1.225 
0.00054,9.100000000000001e-06,50,0.9329022988505746,0.5333333333333333,1.1666666666666667 
0.00054,9.28e-06,50,0.9339439655172415,0.5458333333333334,1.18125 
0.00019,9.460000000000001e-06,50,0.9610272988505748,0.5729166666666666,1.2041666666666666 
7.3e-05,9.460000000000001e-06,50,0.9205818965517241,0.5416666666666666,1.16875 
0.00054,8.2e-06,50,0.9751077586206898,0.675,1.39375 
0.0055000000000000005,9.28e-06,50,0.9469109195402299,0.5583333333333333,1.2333333333333334 
0.00054,9.460000000000001e-06,50,0.9649066091954023,0.6104166666666666,1.2979166666666666 
0.00019,9.28e-06,50,0.9563936781609196,0.5833333333333334,1.2083333333333335 
0.00019,9.640000000000001e-06,50,1.0001436781609194,0.5916666666666667,1.26875 
7.3e-05,9.640000000000001e-06,50,0.9180316091954024,0.5354166666666667,1.1520833333333336 
0.00054,8.74e-06,50,0.9576867816091954,0.63125,1.3479166666666667 
0.00054,9.640000000000001e-06,50,0.9132183908045977,0.5833333333333334,1.2729166666666667 
0.0055000000000000005,9.460000000000001e-06,50,1.019647988505747,0.6145833333333333,1.2979166666666666 
7.3e-05,9.820000000000001e-06,50,0.9104525862068965,0.53125,1.1333333333333333 
0.0055000000000000005,9.640000000000001e-06,50,0.961889367816092,0.5854166666666667,1.2229166666666667 
0.0055000000000000005,9.820000000000001e-06,50,1.019719827586207,0.6770833333333334,1.4187500000000002 
0.00054,9.820000000000001e-06,50,1.0529813218390807,0.6625,1.3937499999999998 
0.00019,9.820000000000001e-06,50,0.9610272988505748,0.5937500000000001,1.2312500000000002 
0.000558,1e-07,50,0.9406609195402298,0.5791666666666666,1.2062499999999998 
0.000208,1e-07,50,0.9201149425287356,0.5604166666666666,1.1979166666666665 
7.48e-05,1e-07,50,0.9303520114942528,0.5291666666666667,1.1416666666666666 
7.48e-05,1.36e-07,50,0.9016522988505746,0.5520833333333334,1.1770833333333335 
7.48e-05,1.72e-07,50,0.900323275862069,0.5333333333333333,1.1437499999999998 
7.48e-05,2.44e-07,50,0.8888649425287356,0.5145833333333334,1.1145833333333335 
7.48e-05,2.0799999999999998e-07,50,0.8909482758620689,0.5333333333333333,1.1416666666666666 
0.000558,1.36e-07,50,0.9385775862068966,0.6020833333333333,1.2583333333333333 
0.000558,1.72e-07,50,0.9396192528735633,0.6145833333333334,1.2854166666666667 
0.0064,1.36e-07,50,0.8573275862068966,0.5395833333333333,1.13125 
0.0064,1.72e-07,50,0.9368534482758621,0.63125,1.3458333333333332 
0.000208,1.36e-07,50,0.9201149425287356,0.5583333333333333,1.1958333333333333 
0.0064,1e-07,50,0.9430316091954023,0.6041666666666666,1.3166666666666667 
0.0064,2.0799999999999998e-07,50,0.932507183908046,0.5979166666666667,1.25625 
7.48e-05,2.7999999999999997e-07,50,0.8933189655172413,0.5395833333333334,1.1833333333333333 
0.000558,2.0799999999999998e-07,50,0.9364942528735632,0.5958333333333333,1.2291666666666665 
7.48e-05,3.1599999999999997e-07,50,0.884985632183908,0.5166666666666666,1.1104166666666666 
0.000208,1.72e-07,50,0.9391522988505747,0.59375,1.2770833333333333 
7.48e-05,3.52e-07,50,0.9217313218390806,0.5375,1.1437499999999998 
0.000558,2.44e-07,50,0.9558189655172413,0.5791666666666667,1.2625 
0.0064,2.44e-07,50,0.887787356321839,0.5833333333333334,1.2770833333333333 
0.0064,3.1599999999999997e-07,50,0.9454741379310345,0.6229166666666667,1.2875 
0.0064,2.7999999999999997e-07,50,0.9791307471264368,0.5708333333333333,1.2916666666666665 
0.000208,2.0799999999999998e-07,50,0.9266522988505748,0.59375,1.25625 
0.000208,2.44e-07,50,0.916235632183908,0.55,1.2104166666666667 
0.000208,2.7999999999999997e-07,50,0.9153735632183908,0.5479166666666666,1.1729166666666666 
0.000558,2.7999999999999997e-07,50,0.9297772988505746,0.5520833333333334,1.15625 
7.48e-05,3.88e-07,50,0.8994612068965516,0.5375,1.1437499999999998 
0.0064,3.88e-07,50,0.9907686781609195,0.5958333333333333,1.3333333333333333 
0.000558,3.52e-07,50,0.9297772988505748,0.55625,1.1958333333333333 
0.0064,3.52e-07,50,0.8343031609195404,0.5229166666666667,1.1124999999999998 
0.000208,3.88e-07,50,0.9054238505747126,0.55,1.1770833333333335 
0.000558,3.1599999999999997e-07,50,0.928735632183908,0.55,1.1895833333333332 
0.000208,3.52e-07,50,0.9172772988505746,0.55625,1.1854166666666668 
0.000208,3.1599999999999997e-07,50,0.9352729885057471,0.5479166666666666,1.1729166666666666 
0.000208,4.24e-07,50,0.9172772988505746,0.55,1.1770833333333335 
0.000208,2.8e-06,50,0.9360272988505747,0.54375,1.2083333333333333 
7.48e-05,4.24e-07,50,0.9005028735632183,0.5375,1.1458333333333333 
0.000558,2.8e-06,50,0.9326149425287356,0.5666666666666667,1.1791666666666667 
0.0064,4.24e-07,50,1.0093390804597702,0.5416666666666666,1.2083333333333335 
0.000558,3.88e-07,50,0.9297772988505748,0.5750000000000001,1.2041666666666666 
7.48e-05,2.8e-06,50,0.9114942528735632,0.5979166666666667,1.2583333333333333 
0.000558,4.24e-07,50,0.9297772988505748,0.575,1.2270833333333333 
0.0064,2.8e-06,50,0.903412356321839,0.5770833333333334,1.2895833333333333 
7.48e-05,3.16e-06,50,0.9153735632183908,0.5395833333333333,1.1583333333333332 
0.0064,3.16e-06,50,0.9323275862068965,0.5354166666666667,1.2291666666666665 
0.000558,3.16e-06,50,0.9067528735632183,0.5645833333333333,1.1854166666666666 
0.000208,3.16e-06,50,0.9502155172413793,0.5770833333333333,1.2625 
0.000558,3.5199999999999998e-06,50,0.9732399425287357,0.5645833333333334,1.2458333333333333 
0.000208,3.5199999999999998e-06,50,0.929669540229885,0.5416666666666667,1.2041666666666666 
7.48e-05,3.88e-06,50,0.9186063218390804,0.5604166666666667,1.2104166666666667 
7.48e-05,3.5199999999999998e-06,50,0.9205818965517241,0.5604166666666667,1.1958333333333333 
7.48e-05,4.24e-06,50,0.898419540229885,0.53125,1.1479166666666667 
7.48e-05,4.6e-06,50,0.9558189655172413,0.5604166666666667,1.1875 
7.48e-05,4.96e-06,50,0.9107399425287357,0.5375,1.1604166666666667 
0.000558,3.88e-06,50,0.9501077586206896,0.6416666666666667,1.3458333333333332 
0.0064,3.88e-06,50,0.9845186781609195,0.5625,1.2104166666666667 
0.0064,3.5199999999999998e-06,50,0.9383979885057472,0.5770833333333334,1.2208333333333334 
0.000558,4.24e-06,50,0.8986350574712644,0.5645833333333333,1.2354166666666666 
0.000208,3.88e-06,50,0.9695402298850575,0.5958333333333333,1.2666666666666666 
0.0064,4.6e-06,50,0.9190014367816093,0.5,1.1479166666666667 
7.48e-05,5.32e-06,50,0.9193606321839081,0.5375,1.1583333333333332 
0.000208,4.24e-06,50,0.9793103448275863,0.5437500000000001,1.2000000000000002 
0.0064,4.24e-06,50,1.0449353448275862,0.6479166666666667,1.3895833333333334 
7.48e-05,5.68e-06,50,0.9105603448275862,0.5541666666666667,1.1833333333333333 
7.48e-05,6.04e-06,50,0.9147270114942528,0.51875,1.13125 
0.000558,4.6e-06,50,0.9123204022988506,0.6041666666666666,1.2875 
0.0064,5.68e-06,50,0.9668103448275861,0.6041666666666667,1.2520833333333334 
0.0064,4.96e-06,50,0.8958692528735632,0.5562499999999999,1.1020833333333333 
0.000558,4.96e-06,50,0.9007183908045977,0.5520833333333333,1.2291666666666665 
0.0064,5.32e-06,50,0.88746408045977,0.48124999999999996,1.1 
0.000208,4.6e-06,50,0.9331896551724138,0.55625,1.2604166666666665 
0.000208,4.96e-06,50,0.9917025862068966,0.5895833333333332,1.29375 
0.000558,5.32e-06,50,1.0011494252873565,0.7125000000000001,1.4333333333333336 
0.000558,5.68e-06,50,0.9110272988505748,0.6291666666666667,1.3083333333333333 
0.000208,8.2e-06,50,0.9567528735632184,0.5875,1.2583333333333333 
0.000208,5.32e-06,50,0.9644396551724138,0.575,1.25625 
0.0064,8.2e-06,50,0.929382183908046,0.5729166666666666,1.25625 
0.000208,5.68e-06,50,0.9214439655172413,0.5375,1.2 
0.000558,6.04e-06,50,0.9978448275862069,0.6604166666666667,1.3916666666666666 
7.48e-05,8.2e-06,50,0.9031609195402299,0.5229166666666667,1.1354166666666667 
0.000208,6.04e-06,50,0.9824353448275862,0.5625,1.2354166666666666 
0.000208,8.38e-06,50,0.9612068965517242,0.5645833333333333,1.2604166666666665 
0.000208,8.56e-06,50,0.9412356321839079,0.55,1.2104166666666667 
0.000558,8.38e-06,50,0.9255747126436782,0.625,1.3166666666666667 
7.48e-05,8.56e-06,50,0.9110272988505748,0.53125,1.1416666666666666 
0.0064,8.38e-06,50,1.0172772988505747,0.6270833333333333,1.3104166666666668 
0.000558,8.56e-06,50,0.939978448275862,0.6104166666666666,1.31875 
0.0064,8.56e-06,50,0.8585488505747126,0.5166666666666666,1.1708333333333332 
0.000558,8.2e-06,50,0.9661637931034482,0.5708333333333333,1.2541666666666667 
0.0064,8.74e-06,50,0.98441091954023,0.6124999999999999,1.31875 
7.48e-05,8.38e-06,50,0.931573275862069,0.5375,1.15625 
7.48e-05,8.74e-06,50,0.9151939655172414,0.5375,1.1520833333333333 
0.0064,6.04e-06,50,0.8507902298850576,0.51875,1.1375 
0.000558,8.74e-06,50,0.9524784482758621,0.625,1.3375 
0.000208,8.74e-06,50,0.9269396551724138,0.5645833333333333,1.225 
0.000558,8.92e-06,50,0.9029454022988506,0.6166666666666667,1.3083333333333333 
7.48e-05,9.640000000000001e-06,50,0.9141522988505746,0.5395833333333333,1.1520833333333333 
0.000208,8.92e-06,50,0.944360632183908,0.5520833333333334,1.2 
7.48e-05,8.92e-06,50,0.9430316091954023,0.5416666666666666,1.1791666666666667 
7.48e-05,9.100000000000001e-06,50,0.9010775862068966,0.56875,1.2041666666666666 
7.48e-05,9.28e-06,50,0.919073275862069,0.5375,1.1708333333333334 
7.48e-05,9.460000000000001e-06,50,0.9107399425287356,0.5375000000000001,1.1520833333333333 
0.000558,9.100000000000001e-06,50,0.9081896551724139,0.6041666666666666,1.2937500000000002 
0.000558,9.28e-06,50,0.9203663793103447,0.6270833333333333,1.3166666666666669 
0.000208,9.100000000000001e-06,50,0.9167025862068967,0.5666666666666667,1.2520833333333332 
0.0064,8.92e-06,50,0.9817528735632185,0.6125,1.3083333333333336 
7.48e-05,9.820000000000001e-06,50,0.8947198275862069,0.55,1.1687500000000002 
0.0064,9.100000000000001e-06,50,1.016810344827586,0.6000000000000001,1.3145833333333332 
0.000208,9.28e-06,50,0.9085488505747127,0.5604166666666668,1.2145833333333336 
0.0064,9.28e-06,50,0.9165948275862068,0.5416666666666666,1.2125 
0.007300000000000001,1e-07,50,0.9901221264367817,0.54375,1.1979166666666665 
7.66e-05,1.36e-07,50,0.8960488505747127,0.5291666666666667,1.1541666666666668 
7.66e-05,1e-07,50,0.9307112068965516,0.5666666666666667,1.2125 
0.0064,9.460000000000001e-06,50,0.9624281609195402,0.6104166666666666,1.3354166666666667 
0.000558,9.460000000000001e-06,50,0.920617816091954,0.60625,1.2625 
0.000558,9.640000000000001e-06,50,0.9701867816091956,0.6354166666666667,1.3562500000000002 
0.0064,9.640000000000001e-06,50,0.9103448275862069,0.5354166666666667,1.2 
0.0064,9.820000000000001e-06,50,0.9565732758620689,0.5479166666666666,1.225 
0.000208,9.640000000000001e-06,50,0.9299568965517242,0.5625,1.2145833333333331 
0.000208,9.460000000000001e-06,50,0.9260775862068966,0.5604166666666668,1.2020833333333334 
0.000576,1e-07,50,0.9693606321839081,0.5916666666666667,1.2145833333333333 
0.000208,9.820000000000001e-06,50,0.9717313218390805,0.5645833333333333,1.2145833333333333 
0.000558,9.820000000000001e-06,50,0.9177083333333333,0.625,1.3354166666666667 
0.000576,1.36e-07,50,0.9391522988505747,0.59375,1.2166666666666668 
0.00022599999999999996,1.72e-07,50,0.9040229885057471,0.5583333333333333,1.1708333333333334 
7.66e-05,1.72e-07,50,0.9256106321839079,0.53125,1.15625 
0.00022599999999999996,1e-07,50,0.9260775862068966,0.5354166666666667,1.1625 
0.007300000000000001,1.36e-07,50,0.9676724137931035,0.5708333333333334,1.2166666666666668 
0.00022599999999999996,2.0799999999999998e-07,50,0.9161278735632183,0.5458333333333333,1.1770833333333333 
0.00022599999999999996,1.36e-07,50,0.9095905172413794,0.5437500000000001,1.1812500000000001 
0.00022599999999999996,2.44e-07,50,0.9547772988505747,0.5645833333333333,1.2041666666666666 
0.000576,1.72e-07,50,0.9466235632183908,0.5979166666666667,1.2208333333333332 
0.007300000000000001,1.72e-07,50,0.9241020114942529,0.5583333333333333,1.2479166666666668 
7.66e-05,2.44e-07,50,0.920007183908046,0.5708333333333333,1.2020833333333334 
7.66e-05,2.0799999999999998e-07,50,0.9204022988505747,0.5291666666666667,1.1520833333333333 
0.000576,2.0799999999999998e-07,50,0.9284482758620689,0.5979166666666667,1.2229166666666667 
0.000576,2.44e-07,50,0.9497485632183909,0.6,1.2270833333333333 
0.007300000000000001,2.0799999999999998e-07,50,1.0331178160919539,0.5187499999999999,1.2041666666666666 
7.66e-05,2.7999999999999997e-07,50,0.894073275862069,0.525,1.13125 
0.007300000000000001,2.44e-07,50,0.9332614942528736,0.5541666666666667,1.2458333333333336 
0.007300000000000001,2.7999999999999997e-07,50,0.9249281609195401,0.5708333333333333,1.2354166666666666 
0.000576,2.7999999999999997e-07,50,0.925323275862069,0.5979166666666667,1.225 
0.00022599999999999996,2.7999999999999997e-07,50,0.9537356321839081,0.5458333333333334,1.1833333333333336 
0.000576,3.1599999999999997e-07,50,0.9497485632183909,0.6,1.2270833333333333 
7.66e-05,3.88e-07,50,0.8995689655172414,0.5145833333333334,1.1125 
7.66e-05,3.1599999999999997e-07,50,0.9149066091954023,0.53125,1.1541666666666668 
7.66e-05,4.24e-07,50,0.8922772988505747,0.5125,1.11875 
7.66e-05,3.52e-07,50,0.9294899425287355,0.54375,1.1520833333333331 
0.000576,3.52e-07,50,0.9507902298850575,0.6020833333333333,1.2291666666666665 
7.66e-05,2.8e-06,50,0.9239942528735632,0.54375,1.1583333333333332 
0.00022599999999999996,3.1599999999999997e-07,50,0.9040229885057471,0.5187499999999999,1.1145833333333333 
0.000576,3.88e-07,50,0.9370689655172413,0.6020833333333333,1.2291666666666665 
0.00022599999999999996,3.52e-07,50,0.9050646551724139,0.5229166666666667,1.11875 
0.007300000000000001,3.52e-07,50,0.9805316091954023,0.5625,1.2833333333333332 
0.007300000000000001,3.1599999999999997e-07,50,0.9322557471264368,0.55625,1.2145833333333331 
0.007300000000000001,3.88e-07,50,1.073742816091954,0.5854166666666667,1.2958333333333334 
0.00022599999999999996,3.88e-07,50,0.9169899425287356,0.5479166666666667,1.1604166666666667 
0.007300000000000001,4.24e-07,50,0.9664152298850575,0.5895833333333333,1.30625 
7.66e-05,3.16e-06,50,0.9299568965517242,0.5520833333333333,1.1875 
0.007300000000000001,2.8e-06,50,0.9393318965517241,0.5729166666666667,1.2145833333333336 
0.007300000000000001,3.16e-06,50,0.9501436781609195,0.5937499999999999,1.2958333333333334 
7.66e-05,3.5199999999999998e-06,50,0.92816091954023,0.5416666666666667,1.1687500000000002 
7.66e-05,3.88e-06,50,0.910919540229885,0.5395833333333333,1.1666666666666665 
0.007300000000000001,3.5199999999999998e-06,50,1.048060344827586,0.6479166666666667,1.3916666666666666 
0.000576,4.24e-07,50,0.9391522988505747,0.6020833333333333,1.2291666666666665 
0.000576,2.8e-06,50,0.9304238505747127,0.6020833333333333,1.2229166666666667 
0.00022599999999999996,4.24e-07,50,0.9040229885057471,0.5333333333333333,1.13125 
0.00022599999999999996,2.8e-06,50,0.9922772988505746,0.59375,1.2604166666666665 
0.00022599999999999996,3.16e-06,50,0.93753591954023,0.5479166666666666,1.1854166666666668 
0.000576,3.5199999999999998e-06,50,0.9272988505747127,0.5979166666666667,1.2166666666666668 
0.000576,3.88e-06,50,0.9186781609195402,0.5958333333333334,1.24375 
0.00022599999999999996,3.5199999999999998e-06,50,0.9169899425287357,0.53125,1.1708333333333334 
0.000576,4.24e-06,50,0.9155531609195402,0.5958333333333334,1.2104166666666667 
0.000576,3.16e-06,50,0.929382183908046,0.6,1.2208333333333332 
0.00022599999999999996,4.6e-06,50,0.9050646551724139,0.5645833333333333,1.1875 
0.007300000000000001,3.88e-06,50,0.8335847701149426,0.43125,1.0041666666666667 
0.00022599999999999996,4.24e-06,50,0.9370689655172413,0.5750000000000001,1.2166666666666668 
0.00022599999999999996,4.96e-06,50,0.9050646551724139,0.5395833333333333,1.1625 
0.00022599999999999996,3.88e-06,50,0.9094109195402299,0.5416666666666667,1.175 
0.007300000000000001,4.24e-06,50,1.0498563218390804,0.6104166666666666,1.3583333333333334 
7.66e-05,4.6e-06,50,0.913110632183908,0.5645833333333333,1.1854166666666668 
7.66e-05,4.24e-06,50,0.9010775862068966,0.5229166666666667,1.1395833333333334 
7.66e-05,4.96e-06,50,0.9135775862068967,0.525,1.1375000000000002 
0.000576,4.6e-06,50,0.9066451149425288,0.5854166666666667,1.2270833333333333 
0.007300000000000001,4.6e-06,50,0.9015445402298851,0.5229166666666667,1.2166666666666668 
7.66e-05,5.32e-06,50,0.9136853448275862,0.525,1.1354166666666667 
0.000576,4.96e-06,50,0.9348778735632184,0.5895833333333333,1.2145833333333333 
0.007300000000000001,4.96e-06,50,0.9602729885057472,0.5604166666666667,1.25 
0.000576,5.32e-06,50,0.9045617816091953,0.5916666666666667,1.2229166666666667 
0.007300000000000001,5.32e-06,50,0.9282686781609195,0.4979166666666667,1.2104166666666667 
0.00022599999999999996,5.32e-06,50,0.9221982758620689,0.5479166666666666,1.1625 
0.000576,5.68e-06,50,0.9111350574712644,0.5895833333333333,1.21875 
7.66e-05,5.68e-06,50,0.9117816091954023,0.5416666666666667,1.1854166666666668 
0.000576,6.04e-06,50,0.9100933908045977,0.5895833333333333,1.2791666666666668 
7.66e-05,8.38e-06,50,0.9425646551724137,0.5333333333333333,1.1437499999999998 
7.66e-05,6.04e-06,50,0.9274066091954023,0.5333333333333333,1.1729166666666666 
7.66e-05,8.2e-06,50,0.9091235632183909,0.53125,1.1604166666666667 
7.66e-05,8.56e-06,50,0.9224856321839081,0.5354166666666667,1.1583333333333332 
0.00022599999999999996,5.68e-06,50,0.9141522988505748,0.6125,1.2729166666666667 
0.000576,8.2e-06,50,0.985632183908046,0.64375,1.3479166666666669 
0.007300000000000001,5.68e-06,50,0.9410201149425288,0.6020833333333333,1.3208333333333333 
0.00022599999999999996,6.04e-06,50,0.9438936781609195,0.59375,1.225 
0.007300000000000001,6.04e-06,50,0.9477729885057472,0.5104166666666667,1.1916666666666667 
0.00022599999999999996,8.2e-06,50,0.9169899425287356,0.5604166666666667,1.1895833333333334 
0.007300000000000001,8.2e-06,50,0.8964439655172414,0.5541666666666667,1.1854166666666668 
0.007300000000000001,8.56e-06,50,0.9266522988505748,0.5104166666666666,1.1729166666666666 
7.66e-05,8.74e-06,50,0.8966235632183908,0.525,1.1666666666666667 
0.007300000000000001,8.38e-06,50,0.9632183908045977,0.5395833333333333,1.1979166666666665 
0.007300000000000001,8.74e-06,50,0.9642600574712643,0.5479166666666666,1.21875 
0.007300000000000001,8.92e-06,50,0.9908405172413793,0.6020833333333334,1.34375 
7.66e-05,9.100000000000001e-06,50,0.9026939655172415,0.5333333333333333,1.1416666666666666 
0.00022599999999999996,8.56e-06,50,0.9268318965517242,0.5437500000000001,1.18125 
0.000576,8.38e-06,50,0.9319683908045977,0.5916666666666667,1.2833333333333332 
0.00022599999999999996,8.38e-06,50,0.9533405172413794,0.6166666666666667,1.28125 
7.66e-05,8.92e-06,50,0.8964439655172414,0.53125,1.1458333333333333 
0.000576,8.74e-06,50,0.9069683908045977,0.5916666666666666,1.2604166666666665 
0.000576,8.56e-06,50,0.9261494252873563,0.6041666666666667,1.2895833333333333 
0.00022599999999999996,9.100000000000001e-06,50,0.9099856321839079,0.5750000000000001,1.2270833333333333 
0.000576,8.92e-06,50,0.9069683908045977,0.5916666666666667,1.2604166666666667 
0.007300000000000001,9.100000000000001e-06,50,0.990014367816092,0.53125,1.2041666666666666 
0.00022599999999999996,8.74e-06,50,0.9438936781609195,0.5666666666666667,1.2083333333333335 
0.00022599999999999996,8.92e-06,50,0.940948275862069,0.6041666666666666,1.2791666666666668 
0.007300000000000001,9.28e-06,50,0.9396910919540231,0.5874999999999999,1.3104166666666668 
0.00022599999999999996,9.640000000000001e-06,50,0.9193606321839081,0.5875000000000001,1.2312500000000002 
7.66e-05,9.460000000000001e-06,50,0.9304238505747127,0.5625,1.2229166666666667 
0.000576,9.28e-06,50,0.9201149425287356,0.6020833333333333,1.2791666666666668 
0.00022599999999999996,9.28e-06,50,0.9250359195402299,0.60625,1.25 
0.000576,9.100000000000001e-06,50,0.959051724137931,0.65625,1.35625 
0.00022599999999999996,9.460000000000001e-06,50,0.9204022988505747,0.5895833333333333,1.2291666666666665 
7.66e-05,9.28e-06,50,0.9102729885057471,0.5354166666666667,1.1458333333333333 
7.66e-05,9.640000000000001e-06,50,0.9667025862068965,0.5791666666666666,1.24375 
7.66e-05,9.820000000000001e-06,50,0.9039152298850575,0.5583333333333333,1.1770833333333335 
0.000576,9.460000000000001e-06,50,0.9258979885057472,0.60625,1.30625 
0.000576,9.640000000000001e-06,50,0.9264727011494254,0.60625,1.325 
0.007300000000000001,9.460000000000001e-06,50,1.0039152298850575,0.6083333333333334,1.3479166666666667 
0.007300000000000001,9.640000000000001e-06,50,0.8956896551724138,0.5583333333333333,1.2229166666666667 
0.000576,9.820000000000001e-06,50,0.9201149425287356,0.5791666666666667,1.2729166666666667 
0.007300000000000001,9.820000000000001e-06,50,0.8826149425287357,0.5104166666666667,1.1208333333333333 
0.00022599999999999996,9.820000000000001e-06,50,0.9786278735632183,0.6083333333333333,1.3020833333333333 
0.000594,1e-07,50,0.9274066091954023,0.5812499999999999,1.2208333333333332 
7.84e-05,1e-07,50,0.9360272988505747,0.5375,1.1625 
7.84e-05,1.72e-07,50,0.9122485632183908,0.5458333333333334,1.1541666666666668 
7.84e-05,1.36e-07,50,0.9349856321839081,0.5520833333333334,1.1770833333333335 
7.84e-05,2.0799999999999998e-07,50,0.92191091954023,0.5458333333333334,1.1541666666666668 
0.000594,1.36e-07,50,0.9284482758620689,0.5708333333333334,1.1833333333333333 
7.84e-05,2.44e-07,50,0.9208692528735632,0.5416666666666666,1.1520833333333333 
0.000594,1.72e-07,50,0.9357399425287356,0.5770833333333334,1.2458333333333336 
0.00024399999999999997,1.36e-07,50,0.9326149425287356,0.5937500000000001,1.2833333333333334 
0.00024399999999999997,1e-07,50,0.9232399425287356,0.5229166666666667,1.1520833333333333 
0.0082,1e-07,50,1.0179597701149425,0.55,1.21875 
0.0082,2.44e-07,50,0.9778735632183908,0.5416666666666667,1.2833333333333334 
0.0082,1.72e-07,50,0.9616020114942528,0.5583333333333333,1.2083333333333335 
0.0082,1.36e-07,50,0.9206896551724139,0.5354166666666668,1.1749999999999998 
0.00024399999999999997,1.72e-07,50,0.9326149425287356,0.5895833333333333,1.275 
0.0082,2.7999999999999997e-07,50,1.0564655172413793,0.65,1.475 
0.0082,2.0799999999999998e-07,50,1.0166307471264369,0.5562499999999999,1.2270833333333333 
7.84e-05,2.7999999999999997e-07,50,0.9528735632183909,0.5895833333333333,1.2333333333333334 
7.84e-05,3.1599999999999997e-07,50,0.9177442528735633,0.54375,1.1541666666666668 
0.000594,2.44e-07,50,0.9104525862068966,0.5833333333333334,1.21875 
0.000594,2.0799999999999998e-07,50,0.9357399425287356,0.5875,1.2479166666666668 
0.0082,3.1599999999999997e-07,50,0.9564655172413793,0.55625,1.2770833333333333 
0.000594,2.7999999999999997e-07,50,0.9114942528735632,0.6041666666666666,1.26875 
0.00024399999999999997,2.0799999999999998e-07,50,0.9364942528735632,0.5395833333333333,1.1833333333333333 
0.00024399999999999997,2.44e-07,50,0.9344109195402299,0.55625,1.2083333333333335 
7.84e-05,3.52e-07,50,0.9206896551724139,0.5416666666666666,1.1541666666666666 
0.0082,3.52e-07,50,1.0326149425287356,0.5770833333333334,1.3583333333333334 
0.00024399999999999997,2.7999999999999997e-07,50,0.93753591954023,0.5416666666666666,1.1854166666666668 
0.000594,3.1599999999999997e-07,50,0.9326149425287356,0.5750000000000001,1.1979166666666667 
0.00024399999999999997,3.1599999999999997e-07,50,0.9385775862068966,0.54375,1.1875 
0.00024399999999999997,3.52e-07,50,0.9385775862068966,0.5416666666666666,1.1875 
0.000594,3.88e-07,50,0.9620689655172414,0.5791666666666666,1.2000000000000002 
0.000594,3.52e-07,50,0.934698275862069,0.5791666666666667,1.2041666666666666 
0.0082,3.88e-07,50,0.9807112068965517,0.5270833333333332,1.30625 
0.00024399999999999997,2.8e-06,50,0.922198275862069,0.55625,1.2125 
7.84e-05,4.24e-07,50,0.9363146551724139,0.5708333333333333,1.2208333333333332 
0.00024399999999999997,3.88e-07,50,0.900323275862069,0.5458333333333334,1.1854166666666668 
0.00024399999999999997,4.24e-07,50,0.9385775862068966,0.5833333333333333,1.28125 
7.84e-05,2.8e-06,50,0.9135775862068967,0.65,1.35 
7.84e-05,3.88e-07,50,0.9217313218390805,0.54375,1.1583333333333332 
0.000594,4.24e-07,50,0.931573275862069,0.5770833333333334,1.2041666666666666 
7.84e-05,3.16e-06,50,0.9062859195402299,0.5354166666666667,1.15625 
0.000594,2.8e-06,50,0.9643318965517242,0.6020833333333333,1.2708333333333335 
0.0082,4.24e-07,50,0.9233477011494253,0.5625,1.2416666666666667 
0.0082,2.8e-06,50,0.9331896551724138,0.5645833333333334,1.2104166666666667 
0.000594,3.16e-06,50,0.9165229885057471,0.63125,1.3125 
0.0082,3.16e-06,50,0.8843031609195402,0.5291666666666667,1.2020833333333334 
0.00024399999999999997,3.16e-06,50,0.9281609195402298,0.5458333333333334,1.1979166666666665 
7.84e-05,3.5199999999999998e-06,50,0.9311781609195402,0.5625,1.2416666666666667 
7.84e-05,3.88e-06,50,0.8973778735632184,0.53125,1.1416666666666666 
7.84e-05,4.24e-06,50,0.9260775862068966,0.5458333333333333,1.2208333333333332 
0.00024399999999999997,3.88e-06,50,0.9187859195402299,0.55,1.2 
0.000594,4.24e-06,50,1.0044899425287357,0.5979166666666667,1.3020833333333335 
0.000594,3.88e-06,50,0.950323275862069,0.6229166666666667,1.3104166666666668 
7.84e-05,4.96e-06,50,0.9251436781609196,0.5333333333333333,1.15 
0.0082,4.24e-06,50,0.9086566091954023,0.5145833333333334,1.1833333333333333 
0.0082,3.5199999999999998e-06,50,0.9235272988505747,0.5333333333333333,1.13125 
0.00024399999999999997,3.5199999999999998e-06,50,0.9404813218390805,0.5291666666666667,1.1958333333333333 
7.84e-05,4.6e-06,50,0.9299568965517242,0.5625,1.1875 
0.0082,4.6e-06,50,0.9241020114942528,0.5687500000000001,1.2666666666666666 
0.0082,3.88e-06,50,0.8989942528735633,0.5041666666666667,1.1604166666666667 
0.00024399999999999997,4.24e-06,50,0.9497485632183909,0.5645833333333333,1.2270833333333333 
7.84e-05,5.32e-06,50,0.9271192528735632,0.5833333333333334,1.2520833333333334 
0.0082,5.32e-06,50,0.9094109195402298,0.5229166666666666,1.14375 
0.000594,4.6e-06,50,0.9167025862068966,0.575,1.2520833333333334 
0.00024399999999999997,4.96e-06,50,0.9417025862068966,0.5479166666666667,1.2041666666666666 
0.0082,4.96e-06,50,0.9107040229885057,0.5770833333333333,1.3041666666666667 
0.0082,5.68e-06,50,0.9745689655172414,0.5645833333333333,1.26875 
7.84e-05,5.68e-06,50,0.8987068965517242,0.6000000000000001,1.25 
0.00024399999999999997,4.6e-06,50,0.9240660919540231,0.5833333333333334,1.2791666666666668 
0.000594,4.96e-06,50,0.9470186781609196,0.5750000000000001,1.21875 
0.00024399999999999997,5.32e-06,50,0.9245689655172413,0.54375,1.1916666666666664 
0.000594,5.68e-06,50,1.0201149425287357,0.6291666666666667,1.3333333333333335 
0.00024399999999999997,6.04e-06,50,0.9380028735632183,0.6041666666666666,1.2999999999999998 
0.00024399999999999997,5.68e-06,50,0.9622485632183908,0.58125,1.2520833333333332 
0.000594,5.32e-06,50,0.9441451149425288,0.6229166666666667,1.3104166666666668 
0.0082,6.04e-06,50,1.0535560344827586,0.6375,1.3312499999999998 
0.000594,8.2e-06,50,0.9498204022988506,0.6354166666666667,1.35625 
0.00024399999999999997,8.56e-06,50,0.9083692528735632,0.5854166666666667,1.2833333333333334 
0.000594,6.04e-06,50,0.9643318965517242,0.6375,1.3333333333333335 
0.00024399999999999997,8.2e-06,50,0.9436781609195402,0.6187499999999999,1.2666666666666666 
7.84e-05,6.04e-06,50,0.931860632183908,0.5229166666666667,1.1395833333333334 
7.84e-05,8.2e-06,50,0.9354525862068966,0.5479166666666667,1.1812500000000001 
0.0082,8.2e-06,50,1.04683908045977,0.6312500000000001,1.4125 
7.84e-05,8.38e-06,50,0.915948275862069,0.5354166666666667,1.15625 
0.000594,8.38e-06,50,0.9613864942528736,0.5916666666666667,1.3125 
7.84e-05,8.56e-06,50,0.9300646551724138,0.525,1.1208333333333336 
7.84e-05,8.74e-06,50,0.8979525862068966,0.5895833333333333,1.2375 
0.000594,8.56e-06,50,1.020294540229885,0.6583333333333333,1.4125 
0.0082,8.38e-06,50,0.9730603448275862,0.60625,1.2979166666666666 
0.000594,8.74e-06,50,0.9048850574712644,0.5791666666666667,1.2958333333333334 
0.0082,8.74e-06,50,1.0195402298850575,0.6687500000000002,1.4104166666666669 
0.00024399999999999997,8.74e-06,50,0.9527658045977012,0.5854166666666667,1.3020833333333335 
0.000594,3.5199999999999998e-06,50,0.9569324712643678,0.6145833333333333,1.3104166666666666 
0.00024399999999999997,8.38e-06,50,0.9851652298850575,0.6208333333333333,1.2979166666666666 
0.0082,8.56e-06,50,1.0210488505747128,0.6041666666666666,1.4041666666666668 
7.84e-05,8.92e-06,50,0.9276939655172414,0.5333333333333333,1.1520833333333333 
7.84e-05,9.100000000000001e-06,50,0.9065732758620689,0.5333333333333333,1.1541666666666668 
0.00024399999999999997,8.92e-06,50,0.9292025862068966,0.5375000000000001,1.1854166666666668 
0.0082,8.92e-06,50,0.9607399425287356,0.5416666666666666,1.2875 
0.000594,9.100000000000001e-06,50,1.0085488505747127,0.65625,1.3895833333333334 
7.84e-05,9.28e-06,50,0.9073275862068966,0.6458333333333333,1.31875 
7.84e-05,9.460000000000001e-06,50,0.9067528735632183,0.5416666666666666,1.1583333333333332 
0.000594,8.92e-06,50,0.9502155172413793,0.5979166666666667,1.3041666666666667 
7.84e-05,9.640000000000001e-06,50,0.9092313218390805,0.525,1.1479166666666667 
0.0082,9.28e-06,50,1.0395474137931033,0.63125,1.3145833333333332 
0.0082,9.100000000000001e-06,50,0.9885775862068966,0.5916666666666667,1.3458333333333332 
0.00024399999999999997,9.100000000000001e-06,50,0.9294899425287357,0.5354166666666667,1.1875 
0.0082,9.460000000000001e-06,50,0.9737068965517242,0.5666666666666668,1.30625 
0.00024399999999999997,9.28e-06,50,0.9164152298850576,0.5416666666666667,1.1895833333333332 
0.0082,9.640000000000001e-06,50,1.0220905172413794,0.6270833333333334,1.40625 
7.84e-05,9.820000000000001e-06,50,0.9172234195402299,0.5541666666666667,1.1791666666666667 
0.000594,9.28e-06,50,0.9536997126436781,0.63125,1.3729166666666666 
0.00024399999999999997,9.460000000000001e-06,50,0.9146192528735633,0.5354166666666667,1.2104166666666667 
8.02e-05,1e-07,50,0.9508979885057472,0.5458333333333334,1.1604166666666669 
0.0091,1e-07,50,1.0670977011494254,0.68125,1.4125 
0.0082,9.820000000000001e-06,50,0.9927442528735633,0.5791666666666667,1.3020833333333333 
0.000594,9.460000000000001e-06,50,1.0307112068965516,0.6875000000000001,1.4354166666666668 
0.00024399999999999997,9.820000000000001e-06,50,0.9381106321839081,0.5604166666666667,1.2208333333333332 
0.000594,9.640000000000001e-06,50,0.9733117816091954,0.6416666666666667,1.3604166666666666 
0.00024399999999999997,9.640000000000001e-06,50,0.9422772988505748,0.5604166666666668,1.2208333333333332 
0.00026199999999999997,1.36e-07,50,0.9104525862068966,0.53125,1.1375000000000002 
0.000612,1e-07,50,0.974353448275862,0.65625,1.3624999999999998 
0.00026199999999999997,1e-07,50,0.919073275862069,0.5333333333333333,1.1604166666666667 
0.0091,1.36e-07,50,0.9803520114942529,0.5854166666666667,1.3604166666666666 
0.000594,9.820000000000001e-06,50,1.0684985632183908,0.7124999999999999,1.4645833333333331 
0.000612,1.36e-07,50,1.0252155172413793,0.6895833333333333,1.4125 
8.02e-05,1.36e-07,50,0.9110272988505748,0.5166666666666667,1.1374999999999997 
0.00026199999999999997,1.72e-07,50,0.9079022988505747,0.5479166666666667,1.175 
0.00026199999999999997,2.0799999999999998e-07,50,0.9254310344827588,0.5666666666666667,1.1895833333333332 
8.02e-05,2.0799999999999998e-07,50,0.9053520114942529,0.5416666666666667,1.1479166666666667 
8.02e-05,1.72e-07,50,0.9015445402298851,0.5770833333333333,1.20625 
0.000612,1.72e-07,50,1.0200071839080458,0.6875,1.4166666666666665 
0.0091,1.72e-07,50,1.1343390804597702,0.6333333333333333,1.4583333333333335 
8.02e-05,2.44e-07,50,0.903125,0.63125,1.30625 
0.000612,2.0799999999999998e-07,50,0.9192528735632184,0.6125,1.2875 
0.000612,2.44e-07,50,0.9733117816091954,0.6854166666666667,1.3854166666666667 
8.02e-05,2.7999999999999997e-07,50,0.9024066091954023,0.6291666666666667,1.3041666666666667 
0.0091,2.0799999999999998e-07,50,0.9967313218390804,0.6270833333333333,1.2958333333333334 
0.0091,2.44e-07,50,1.050897988505747,0.6104166666666667,1.3604166666666666 
0.00026199999999999997,2.44e-07,50,0.9165229885057472,0.5333333333333334,1.1729166666666666 
0.000612,2.7999999999999997e-07,50,0.9634698275862068,0.6749999999999999,1.375 
0.00026199999999999997,2.7999999999999997e-07,50,0.9196479885057472,0.5479166666666666,1.1854166666666668 
0.0091,2.7999999999999997e-07,50,1.0143318965517243,0.6791666666666667,1.4520833333333334 
8.02e-05,3.1599999999999997e-07,50,0.9059985632183909,0.5229166666666667,1.1395833333333334 
8.02e-05,3.52e-07,50,0.9031609195402299,0.51875,1.11875 
0.00026199999999999997,3.1599999999999997e-07,50,0.9180316091954023,0.5333333333333333,1.14375 
8.02e-05,3.88e-07,50,0.916235632183908,0.5354166666666667,1.16875 
0.000612,3.1599999999999997e-07,50,0.9263649425287357,0.56875,1.21875 
8.02e-05,2.8e-06,50,0.9094109195402299,0.51875,1.1333333333333333 
8.02e-05,4.24e-07,50,0.9272270114942528,0.5291666666666667,1.1625 
0.0091,3.52e-07,50,0.9646192528735632,0.63125,1.3354166666666667 
0.0091,3.1599999999999997e-07,50,0.9397270114942529,0.63125,1.3395833333333333 
0.0091,3.88e-07,50,1.0020474137931035,0.5625,1.3208333333333333 
0.0091,4.24e-07,50,1.0518678160919541,0.5791666666666667,1.3125 
0.00026199999999999997,3.52e-07,50,0.9220186781609195,0.5333333333333333,1.1625 
0.000612,3.52e-07,50,0.931573275862069,0.5874999999999999,1.2416666666666667 
0.00026199999999999997,3.88e-07,50,0.9230603448275861,0.5375000000000001,1.15625 
0.000612,3.88e-07,50,0.9610272988505746,0.58125,1.225 
0.0091,2.8e-06,50,1.0294899425287356,0.6104166666666667,1.3520833333333333 
0.00026199999999999997,4.24e-07,50,0.9261853448275862,0.50625,1.1020833333333333 
0.0091,3.5199999999999998e-06,50,1.0132183908045977,0.6333333333333333,1.3312499999999998 
0.0091,3.16e-06,50,1.019719827586207,0.6375,1.41875 
0.00026199999999999997,3.16e-06,50,0.9376436781609195,0.5562499999999999,1.1958333333333333 
8.02e-05,3.5199999999999998e-06,50,0.9049568965517243,0.5270833333333333,1.1375000000000002 
0.00026199999999999997,2.8e-06,50,0.9580818965517242,0.5645833333333333,1.24375 
0.0091,3.88e-06,50,1.04996408045977,0.6041666666666667,1.3270833333333334 
0.00026199999999999997,3.88e-06,50,0.9146192528735633,0.6020833333333333,1.2625000000000002 
8.02e-05,3.16e-06,50,0.9528735632183909,0.5687500000000001,1.2333333333333334 
0.000612,4.24e-07,50,0.9579022988505748,0.5770833333333334,1.23125 
0.000612,3.5199999999999998e-06,50,0.925323275862069,0.5875,1.2666666666666666 
0.00026199999999999997,3.5199999999999998e-06,50,0.9256106321839079,0.5520833333333333,1.2 
8.02e-05,3.88e-06,50,0.9116020114942529,0.5562499999999999,1.1979166666666665 
0.000612,3.16e-06,50,0.9263649425287357,0.6041666666666666,1.2916666666666665 
8.02e-05,4.24e-06,50,0.9058189655172413,0.5541666666666667,1.1875 
0.0091,4.24e-06,50,0.9616020114942528,0.49375,1.1979166666666665 
0.00026199999999999997,4.6e-06,50,0.9659482758620689,0.56875,1.2249999999999999 
0.000612,2.8e-06,50,0.9253232758620689,0.5520833333333333,1.16875 
0.000612,3.88e-06,50,0.9263649425287357,0.5916666666666666,1.2625 
8.02e-05,4.6e-06,50,0.9438936781609194,0.5979166666666667,1.2875 
0.000612,4.24e-06,50,0.9211566091954022,0.5854166666666667,1.2374999999999998 
0.0091,4.96e-06,50,0.9848778735632183,0.5854166666666667,1.3291666666666666 
0.000612,4.6e-06,50,0.9224856321839081,0.6125,1.2791666666666668 
0.000612,4.96e-06,50,0.9193606321839081,0.5333333333333333,1.1645833333333333 
8.02e-05,4.96e-06,50,0.9073275862068966,0.5375,1.1479166666666667 
0.0091,4.6e-06,50,0.978448275862069,0.54375,1.2520833333333332 
8.02e-05,5.32e-06,50,0.9299568965517242,0.5562499999999999,1.1875 
0.00026199999999999997,4.96e-06,50,0.93753591954023,0.5708333333333334,1.2312500000000002 
0.000612,5.32e-06,50,0.9283405172413793,0.5645833333333333,1.2625000000000002 
0.00026199999999999997,5.32e-06,50,0.9000359195402299,0.5604166666666667,1.2 
0.00026199999999999997,4.24e-06,50,0.9680316091954022,0.5729166666666666,1.2291666666666665 
0.0091,5.32e-06,50,0.987823275862069,0.5895833333333335,1.3104166666666668 
8.02e-05,5.68e-06,50,0.9303520114942528,0.5479166666666666,1.1875 
8.02e-05,6.04e-06,50,0.9083692528735632,0.5270833333333333,1.14375 
0.00026199999999999997,5.68e-06,50,0.944360632183908,0.5479166666666667,1.1958333333333333 
0.0091,5.68e-06,50,1.0619971264367816,0.6270833333333333,1.3624999999999998 
8.02e-05,8.2e-06,50,0.9568247126436782,0.6791666666666667,1.3791666666666667 
0.000612,5.68e-06,50,0.9061063218390805,0.55625,1.2229166666666664 
0.0091,8.38e-06,50,0.9868893678160919,0.54375,1.25 
0.0091,8.2e-06,50,0.9573275862068966,0.5375000000000001,1.2479166666666666 
0.0091,6.04e-06,50,0.9506106321839081,0.5770833333333333,1.19375 
8.02e-05,8.38e-06,50,0.9568247126436782,0.6791666666666667,1.3791666666666667 
0.000612,6.04e-06,50,0.9102729885057471,0.5604166666666667,1.2520833333333332 
0.00026199999999999997,6.04e-06,50,0.9391522988505747,0.5666666666666667,1.2145833333333331 
0.00026199999999999997,8.2e-06,50,0.9133979885057472,0.5583333333333333,1.18125 
0.000612,8.2e-06,50,0.9232399425287356,0.6208333333333333,1.3375 
0.0091,8.56e-06,50,0.9179597701149425,0.53125,1.175 
0.00026199999999999997,8.38e-06,50,0.9591235632183908,0.5770833333333333,1.2458333333333333 
0.0091,8.74e-06,50,1.066522988505747,0.6458333333333333,1.3916666666666666 
0.0091,8.92e-06,50,1.1045977011494252,0.6562500000000001,1.4333333333333333 
0.00026199999999999997,8.56e-06,50,0.913110632183908,0.5208333333333334,1.1208333333333333 
0.00026199999999999997,8.74e-06,50,0.945294540229885,0.58125,1.2354166666666666 
8.02e-05,8.56e-06,50,0.9364942528735632,0.5645833333333333,1.1833333333333333 
0.00026199999999999997,8.92e-06,50,0.9352729885057471,0.5520833333333334,1.1770833333333333 
8.02e-05,8.74e-06,50,0.9042025862068965,0.53125,1.1458333333333335 
0.00026199999999999997,9.100000000000001e-06,50,0.9309985632183908,0.5562499999999999,1.1895833333333332 
8.02e-05,8.92e-06,50,0.9138649425287356,0.5333333333333333,1.1479166666666667 
0.000612,8.56e-06,50,0.964691091954023,0.6458333333333334,1.36875 
0.0091,9.100000000000001e-06,50,1.0910560344827587,0.6604166666666667,1.40625 
0.000612,9.100000000000001e-06,50,0.9345186781609195,0.6145833333333334,1.3354166666666667 
0.000612,8.92e-06,50,0.9321479885057472,0.5645833333333333,1.2354166666666666 
8.02e-05,9.100000000000001e-06,50,0.9330818965517242,0.5583333333333333,1.19375 
8.02e-05,9.28e-06,50,0.9135775862068967,0.5354166666666667,1.15 
0.00026199999999999997,9.28e-06,50,0.9269396551724137,0.5499999999999999,1.16875 
0.0091,9.28e-06,50,1.0827227011494254,0.63125,1.3895833333333334 
0.000612,8.38e-06,50,0.9211566091954023,0.6229166666666667,1.3208333333333333 
8.02e-05,9.460000000000001e-06,50,0.9146192528735633,0.54375,1.1708333333333334 
0.000612,8.74e-06,50,0.9139367816091954,0.5833333333333334,1.2854166666666667 
0.0091,9.460000000000001e-06,50,0.9588362068965517,0.5770833333333333,1.2895833333333333 
0.000612,9.28e-06,50,1.0408405172413793,0.7062499999999999,1.475 
0.000612,9.640000000000001e-06,50,0.9725574712643679,0.6479166666666667,1.38125 
0.0091,9.640000000000001e-06,50,1.0824353448275863,0.6395833333333334,1.40625 
0.000612,9.460000000000001e-06,50,1.084985632183908,0.68125,1.4458333333333333 
8.02e-05,9.640000000000001e-06,50,0.9187859195402299,0.5333333333333333,1.1479166666666667 
8.02e-05,9.820000000000001e-06,50,0.9373563218390805,0.5375,1.175 
0.000612,9.820000000000001e-06,50,1.033081896551724,0.65625,1.4145833333333333 
0.00026199999999999997,9.460000000000001e-06,50,0.9279813218390804,0.5604166666666668,1.2 
0.00026199999999999997,9.640000000000001e-06,50,0.9282686781609195,0.58125,1.24375 
0.00026199999999999997,9.820000000000001e-06,50,0.9302442528735633,0.5895833333333333,1.2458333333333333 
0.0091,9.820000000000001e-06,50,0.9072198275862069,0.55,1.2770833333333336 
